	//.INT AEROPUERTO
	CreateDynamicObject(3971,-1915.95117188,15.18066406,1062.69409180,0.00000000,0.00000000,0.00000000); //object(cj_bag_reclaim) (1)
	CreateDynamicObject(3967,-1942.85058594,13.41308594,1073.08288574,0.00000000,0.00000000,0.00000000); //object(airport_int2) (2)
	CreateDynamicObject(6888,-1908.58056641,26.73178673,1061.31201172,0.00000000,90.00000000,90.00000000); //object(vegasnedge06) (1)
	CreateDynamicObject(3851,-1913.78564453,-0.67592573,1061.76818848,0.00000000,0.00000000,270.00000000); //object(carshowwin_sfsx) (1)
	CreateDynamicObject(3851,-1902.49450684,-0.66817290,1061.76818848,0.00000000,0.00000000,269.99499512); //object(carshowwin_sfsx) (2)
 	CreateDynamicObject(3851,-1903.68554688,2.89538622,1061.76818848,0.00000000,0.00000000,359.99450684); //object(carshowwin_sfsx) (3)
 	CreateDynamicObject(1649,-1919.46813965,6.18574953,1061.80932617,0.00000000,0.00000000,90.00000000); //object(wglasssmash) (1)
 	CreateDynamicObject(1649,-1919.41467285,1.69509816,1061.80932617,0.00000000,0.00000000,90.00000000); //object(wglasssmash) (2)
  	CreateDynamicObject(1649,-1926.04479980,8.47107601,1061.80932617,0.00000000,0.00000000,179.99450684); //object(wglasssmash) (4)
	CreateDynamicObject(1806,-1926.25573730,6.55859566,1060.14355469,0.00000000,0.00000000,8.00000000); //object(med_office_chair) (1)
	CreateDynamicObject(1806,-1924.48559570,6.47626019,1060.14355469,0.00000000,0.00000000,0.00000000); //object(med_office_chair) (2)
	CreateDynamicObject(1806,-1921.36572266,6.61152077,1060.14355469,0.00000000,0.00000000,304.00000000); //object(med_office_chair) (3)
	CreateDynamicObject(1806,-1921.31738281,5.09286022,1060.14355469,0.00000000,0.00000000,271.99951172); //object(med_office_chair) (4)
	CreateDynamicObject(2009,-1921.13793945,7.77984095,1060.14355469,0.00000000,0.00000000,270.00000000); //object(officedesk2l) (1)
	CreateDynamicObject(1999,-1920.12512207,5.80370378,1060.14355469,0.00000000,0.00000000,270.00000000); //object(officedesk2) (1)
	CreateDynamicObject(1999,-1925.38305664,7.73806667,1060.14355469,0.00000000,0.00000000,359.99450684); //object(officedesk2) (2)
	CreateDynamicObject(2009,-1927.36193848,6.73737240,1060.14355469,0.00000000,0.00000000,359.99450684); //object(officedesk2l) (2)
	CreateDynamicObject(1649,-1919.46777344,6.18554688,1061.80932617,0.00000000,0.00000000,270.00000000); //object(wglasssmash) (5)
	CreateDynamicObject(1649,-1926.04394531,8.47070312,1061.80932617,0.00000000,0.00000000,359.99450684); //object(wglasssmash) (6)
	CreateDynamicObject(2172,-1922.10266113,2.29035783,1060.14355469,0.00000000,0.00000000,180.00000000); //object(med_office2_desk_1) (1)
	CreateDynamicObject(2172,-1920.16711426,2.32808352,1060.14355469,0.00000000,0.00000000,180.00000000); //object(med_office2_desk_1) (2)
	CreateDynamicObject(1806,-1920.91381836,3.37708330,1060.14355469,0.00000000,0.00000000,169.99951172); //object(med_office_chair) (7)
	CreateDynamicObject(2175,-1926.82275391,5.52760744,1060.14355469,0.00000000,0.00000000,180.00000000); //object(med_office4_desk_3) (1)
	CreateDynamicObject(1518,-1926.87341309,5.62063646,1061.30004883,0.00000000,0.00000000,163.99993896); //object(dyn_tv_2) (1)
	CreateDynamicObject(1782,-1927.37719727,6.89274979,1061.03198242,0.00000000,0.00000000,266.00000000); //object(med_video_2) (1)
	CreateDynamicObject(1782,-1925.36596680,7.72732687,1061.03198242,0.00000000,0.00000000,189.99548340); //object(med_video_2) (2)
	CreateDynamicObject(1782,-1920.89013672,7.90189362,1061.03198242,0.00000000,0.00000000,177.99206543); //object(med_video_2) (3)
	CreateDynamicObject(1782,-1920.13256836,5.54518509,1061.03198242,0.00000000,0.00000000,95.98950195); //object(med_video_2) (4)
	CreateDynamicObject(1808,-1924.43750000,5.17484379,1060.14355469,0.00000000,0.00000000,178.00000000); //object(cj_watercooler2) (1)
	CreateDynamicObject(2186,-1923.26049805,3.52963758,1060.14355469,0.00000000,0.00000000,89.99996948); //object(photocopier_1) (1)
	CreateDynamicObject(14608,-1935.13073730,11.35891819,1061.81396484,0.00000000,0.00000000,273.99902344); //object(triad_buddha01) (1)
	CreateDynamicObject(1533,-1884.96496582,16.83487892,1060.16857910,0.00000000,0.00000000,269.99996948); //object(gen_doorext12) (1)
	CreateDynamicObject(1533,-1884.95117188,18.33911705,1060.16857910,0.00000000,0.00000000,269.99450684); //object(gen_doorext12) (2)
	CreateDynamicObject(1533,-1884.96960449,20.26784134,1060.16857910,0.00000000,0.00000000,269.99450684); //object(gen_doorext12) (3)
	CreateDynamicObject(1533,-1884.97998047,21.77085876,1060.16857910,0.00000000,0.00000000,269.99450684); //object(gen_doorext12) (4)
	CreateDynamicObject(1533,-1889.63903809,8.55360699,1060.16857910,0.00000000,0.00000000,177.99450684); //object(gen_doorext12) (5)
	CreateDynamicObject(1533,-1887.16137695,8.51877213,1060.16857910,0.00000000,0.00000000,177.98950195); //object(gen_doorext12) (6)
	CreateDynamicObject(1533,-1938.43652344,15.33934689,1060.16857910,0.00000000,0.00000000,91.98950195); //object(gen_doorext12) (7)
	CreateDynamicObject(1533,-1938.48291016,16.83814049,1060.16857910,0.00000000,0.00000000,91.98852539); //object(gen_doorext12) (8)
	CreateDynamicObject(1533,-1938.51696777,18.73773956,1060.16857910,0.00000000,0.00000000,91.98852539); //object(gen_doorext12) (9)
	CreateDynamicObject(1533,-1938.56323242,20.26156807,1060.16857910,0.00000000,0.00000000,91.98852539); //object(gen_doorext12) (10)
	CreateDynamicObject(1533,-1910.29296875,-0.62402344,1060.16857910,0.00000000,0.00000000,179.98352051); //object(gen_doorext12) (11)
	CreateDynamicObject(1533,-1911.79614258,-0.66267604,1060.16857910,0.00000000,0.00000000,179.98352051); //object(gen_doorext12) (12)
	CreateDynamicObject(1533,-1922.26416016,8.49345016,1060.16857910,0.00000000,0.00000000,179.98352051); //object(gen_doorext12) (11)
	CreateDynamicObject(1649,-1921.70324707,8.51707745,1061.80932617,0.00000000,0.00000000,359.99450684); //object(wglasssmash) (6)
	CreateDynamicObject(3850,-1936.66674805,13.96198368,1060.68945312,0.00000000,0.00000000,90.00000000); //object(carshowbann_sfsx) (2)
	CreateDynamicObject(3850,-1933.52758789,12.99287510,1060.68945312,0.00000000,0.00000000,56.00000000); //object(carshowbann_sfsx) (3)
	CreateDynamicObject(3850,-1932.12585449,10.31136322,1060.68945312,0.00000000,0.00000000,359.99975586); //object(carshowbann_sfsx) (4)
	CreateDynamicObject(3850,-1918.08386230,20.30905914,1060.68945312,0.00000000,0.00000000,87.99731445); //object(carshowbann_sfsx) (5)
	CreateDynamicObject(3850,-1919.85864258,18.65610695,1060.68945312,0.00000000,0.00000000,177.99499512); //object(carshowbann_sfsx) (6)
	CreateDynamicObject(3850,-1919.97387695,15.22746944,1060.68945312,0.00000000,0.00000000,177.98950195); //object(carshowbann_sfsx) (7)
	CreateDynamicObject(3850,-1914.66064453,20.18191910,1060.68945312,0.00000000,0.00000000,87.99499512); //object(carshowbann_sfsx) (8)
	CreateDynamicObject(3850,-1918.29260254,13.48203087,1060.68945312,0.00000000,0.00000000,87.99499512); //object(carshowbann_sfsx) (9)
	CreateDynamicObject(3850,-1914.87670898,13.36492920,1060.68945312,0.00000000,0.00000000,87.99499512); //object(carshowbann_sfsx) (10)
	CreateDynamicObject(3850,-1913.06848145,16.61343193,1060.68945312,0.00000000,0.00000000,177.99499512); //object(carshowbann_sfsx) (11)
	CreateDynamicObject(1704,-1914.10571289,16.99391747,1060.14355469,0.00000000,0.00000000,269.99996948); //object(kb_chair03) (1)
	CreateDynamicObject(1723,-1917.47595215,19.27788162,1060.14355469,0.00000000,0.00000000,0.00000000); //object(mrk_seating1) (1)
	CreateDynamicObject(1723,-1918.73937988,15.88104534,1060.14355469,0.00000000,0.00000000,88.00000000); //object(mrk_seating1) (2)
	CreateDynamicObject(1723,-1915.28344727,14.35449409,1060.14355469,0.00000000,0.00000000,177.99499512); //object(mrk_seating1) (3)
	CreateDynamicObject(1827,-1916.28442383,16.80001450,1060.14355469,0.00000000,0.00000000,0.00000000); //object(man_sdr_tables) (1)
	CreateDynamicObject(1572,-1886.03247070,25.55627632,1060.71423340,0.00000000,0.00000000,158.00000000); //object(cj_air_trolly) (1)
	CreateDynamicObject(1572,-1886.64379883,29.08264732,1060.71423340,0.00000000,0.00000000,175.99987793); //object(cj_air_trolly) (2)
	CreateDynamicObject(1572,-1887.93261719,24.25136566,1060.71423340,0.00000000,0.00000000,175.99548340); //object(cj_air_trolly) (3)
	CreateDynamicObject(2773,-1891.28588867,9.72731018,1060.66076660,0.00000000,0.00000000,0.00000000); //object(cj_airprt_bar) (1)
	CreateDynamicObject(2773,-1886.10632324,11.94846344,1060.66076660,0.00000000,0.00000000,269.99996948); //object(cj_airprt_bar) (2)
	CreateDynamicObject(2773,-1888.15246582,11.93920422,1060.66076660,0.00000000,0.00000000,269.99450684); //object(cj_airprt_bar) (3)
	CreateDynamicObject(2773,-1890.20288086,11.95936108,1060.66076660,0.00000000,0.00000000,269.99450684); //object(cj_airprt_bar) (4)
	CreateDynamicObject(2773,-1924.67517090,9.72974396,1060.66076660,0.00000000,0.00000000,0.00000000); //object(cj_airprt_bar) (5)
	CreateDynamicObject(2773,-1924.66455078,11.63750362,1060.66076660,0.00000000,0.00000000,0.00000000); //object(cj_airprt_bar) (6)
	CreateDynamicObject(2773,-1927.45581055,9.79865837,1060.66076660,0.00000000,0.00000000,0.00000000); //object(cj_airprt_bar) (7)
	CreateDynamicObject(2773,-1927.46936035,11.70828915,1060.66076660,0.00000000,0.00000000,0.00000000); //object(cj_airprt_bar) (8)
	CreateDynamicObject(2773,-1925.99975586,9.78141212,1060.66076660,0.00000000,0.00000000,0.00000000); //object(cj_airprt_bar) (9)
	CreateDynamicObject(2773,-1918.22204590,6.52163410,1060.66076660,0.00000000,0.00000000,268.00000000); //object(cj_airprt_bar) (10)
	CreateDynamicObject(2773,-1918.22497559,5.19272375,1060.66076660,0.00000000,0.00000000,267.99499512); //object(cj_airprt_bar) (11)
	CreateDynamicObject(2773,-1918.11254883,3.64645100,1060.66076660,0.00000000,0.00000000,267.99499512); //object(cj_airprt_bar) (12)
	CreateDynamicObject(1210,-1907.64831543,25.33385849,1060.59228516,90.00000000,179.30346680,180.69650269); //object(briefcase) (1)
	CreateDynamicObject(1210,-1907.65991211,26.45854759,1060.59228516,90.00000000,179.30236816,180.69213867); //object(briefcase) (2)
	CreateDynamicObject(1210,-1909.15844727,26.42445374,1060.59228516,90.00000000,179.31018066,2.68420410); //object(briefcase) (3)
	CreateDynamicObject(1210,-1909.13085938,25.22412872,1060.59228516,90.00000000,180.69223022,357.30230713); //object(briefcase) (4)
	CreateDynamicObject(1210,-1918.30358887,25.47170258,1060.59228516,90.00000000,179.30786133,2.68066406); //object(briefcase) (5)
	CreateDynamicObject(1210,-1919.77233887,25.52063751,1060.59228516,0.00000000,0.00012207,181.98852539); //object(briefcase) (6)
	CreateDynamicObject(8229,-1939.48583984,8.32464790,1062.84472656,0.00000000,0.00000000,0.00000000); //object(vgsbikeschl02) (1)
	CreateDynamicObject(8229,-1938.85388184,21.38716316,1062.84472656,0.00000000,0.00000000,269.99996948); //object(vgsbikeschl02) (2)
	CreateDynamicObject(8229,-1884.84948730,19.48977661,1062.84472656,0.00000000,0.00000000,269.99450684); //object(vgsbikeschl02) (3)
	CreateDynamicObject(8229,-1892.29614258,8.31526089,1062.84472656,0.00000000,0.00000000,359.99450684); //object(vgsbikeschl02) (4)
