	//.EXT BIGFOOT
	CreateDynamicObject(17012, -792.44702, -2129.00586, 29.94010,   1.00000, -4.00000, -131.00000);
	CreateDynamicObject(896, -796.85425, -2156.12280, 26.58940,   0.00000, 0.00000, 0.00000);
	CreateDynamicObject(896, -792.72052, -2152.49463, 26.58940,   0.00000, 0.00000, 0.00000);
	CreateDynamicObject(896, -784.17749, -2160.24341, 26.58940,   0.00000, 0.00000, 0.00000);
	CreateDynamicObject(896, -775.64423, -2168.82153, 26.58940,   0.00000, 0.00000, 0.00000);
	CreateDynamicObject(896, -774.71912, -2167.61914, 24.38940,   0.00000, 0.00000, 0.00000);
	CreateDynamicObject(896, -803.55109, -2143.49243, 26.58940,   0.00000, 0.00000, 0.00000);
	CreateDynamicObject(1508, -778.39380, -2120.26514, 25.63020,   0.00000, 3.00000, 49.00000);
	CreateDynamicObject(721, -736.71039, -2148.75195, 20.36719,   356.85840, 0.00000, 7.70159);
	CreateDynamicObject(721, -723.08319, -2143.69995, 20.36719,   356.85840, 0.00000, 7.70159);
	CreateDynamicObject(721, -703.33087, -2140.47046, 19.75199,   356.85840, 0.00000, 7.70159);
	CreateDynamicObject(721, -683.25714, -2139.89771, 19.75199,   356.85840, 0.00000, 7.70159);
	CreateDynamicObject(721, -668.03943, -2131.34033, 19.75199,   356.85840, 0.00000, 7.70159);
	CreateDynamicObject(721, -723.32715, -2154.39087, 15.96193,   356.85840, 0.00000, 7.70159);
	CreateDynamicObject(721, -700.99011, -2173.16260, 14.19436,   356.85840, 0.00000, 7.70159);
	CreateDynamicObject(721, -683.83405, -2177.45435, 13.78832,   356.85840, 0.00000, 7.70159);
	CreateDynamicObject(721, -682.56128, -2196.18213, 13.17311,   356.85840, 0.00000, 7.70159);
	CreateDynamicObject(721, -808.35339, -2158.87842, 13.17311,   356.85840, 0.00000, 7.70159);
	CreateDynamicObject(721, -810.57001, -2169.06519, 13.17311,   356.85840, 0.00000, 7.70159);
	CreateDynamicObject(721, -789.39417, -2168.40503, 15.49703,   356.85840, 0.00000, 7.70159);
	CreateDynamicObject(721, -797.79803, -2181.93994, 15.49703,   356.85840, 0.00000, 7.70159);
	CreateDynamicObject(721, -778.09039, -2185.49658, 13.04988,   356.85840, 0.00000, 7.70159);
	CreateDynamicObject(721, -798.75360, -2203.64941, 13.04988,   356.85840, 0.00000, 7.70159);
	CreateDynamicObject(723, -815.40784, -2189.69922, 32.63290,   356.85840, 0.00000, 3.14159);
	CreateDynamicObject(723, -669.57391, -2186.54858, 25.67163,   356.85840, 0.00000, 3.14159);
	CreateDynamicObject(723, -748.59186, -2232.68701, 31.47622,   356.85840, 0.00000, 3.14159);
	CreateDynamicObject(723, -689.16547, -2214.51196, 25.67163,   356.85840, 0.00000, 3.14159);
	CreateDynamicObject(721, -707.22058, -2240.43799, 13.17311,   356.85840, 0.00000, 7.70159);
	CreateDynamicObject(721, -725.76733, -2291.43848, 13.17311,   356.85840, 0.00000, 7.70159);
	CreateDynamicObject(721, -694.29852, -2229.50537, 13.17311,   356.85840, 0.00000, 7.70159);
	CreateDynamicObject(721, -687.46509, -2206.18823, 13.17311,   356.85840, 0.00000, 7.70159);
	CreateDynamicObject(721, -693.25580, -2191.61841, 13.17311,   356.85840, 0.00000, 7.70159);
	CreateDynamicObject(721, -700.12347, -2182.48584, 12.66301,   356.85840, 0.00000, 7.70159);
	CreateDynamicObject(721, -722.06799, -2240.14966, 12.66301,   356.85840, 0.00000, 7.70159);
	CreateDynamicObject(721, -726.11835, -2187.27515, 30.36952,   356.85840, 0.00000, 7.70159);
	CreateDynamicObject(721, -729.98492, -2206.58887, 30.36952,   356.85840, 0.00000, 7.70159);
	CreateDynamicObject(721, -740.11090, -2181.48438, 30.36952,   356.85840, 0.00000, 7.70159);
	CreateDynamicObject(721, -728.81165, -2079.49658, 3.77884,   356.85840, 0.00000, 7.70159);
	CreateDynamicObject(721, -645.71179, -1949.20190, 2.16915,   356.85840, 0.00000, 7.70159);
	CreateDynamicObject(721, -656.51575, -1872.02417, 2.16915,   356.85840, 0.00000, 7.70159);
	CreateDynamicObject(721, -636.71143, -1871.09863, 4.25024,   356.85840, 0.00000, 7.70159);
	CreateDynamicObject(721, -664.78540, -1856.75854, 4.25024,   356.85840, 0.00000, 7.70159);
	CreateDynamicObject(721, -672.35577, -1840.81836, 4.25024,   356.85840, 0.00000, 7.70159);
	CreateDynamicObject(721, -691.45203, -1845.21301, 4.25024,   356.85840, 0.00000, 7.70159);
	CreateDynamicObject(721, -730.11383, -1839.64929, 4.25024,   356.85840, 0.00000, 7.70159);
	CreateDynamicObject(721, -805.15057, -1925.08362, 2.28877,   356.85840, 0.00000, 7.70159);
	CreateDynamicObject(721, -831.70361, -1977.32947, 2.28877,   356.85840, 0.00000, 7.70159);
	CreateDynamicObject(721, -710.91040, -1991.69153, 0.85176,   356.85840, 0.00000, 7.70159);
	CreateDynamicObject(721, -830.42151, -1848.43396, 80.40675,   356.85840, 0.00000, 7.70159);
	CreateDynamicObject(721, -848.56226, -1874.03967, 80.40675,   356.85840, 0.00000, 7.70159);
	CreateDynamicObject(721, -877.63635, -1897.08728, 80.40675,   356.85840, 0.00000, 110.72160);
	CreateDynamicObject(721, -828.21069, -1829.88245, 80.40675,   356.85840, 0.00000, 110.72160);
	CreateDynamicObject(721, -930.83392, -1913.54553, 78.32567,   356.85840, 0.00000, 110.72160);
	CreateDynamicObject(721, -929.09198, -1949.36133, 24.92235,   356.85840, 0.00000, 110.72160);
	CreateDynamicObject(721, -929.86108, -1987.94897, 29.08838,   356.85840, 0.00000, 110.72160);
	CreateDynamicObject(721, -914.06604, -1974.29004, 33.53915,   356.85840, 0.00000, 110.72160);
	CreateDynamicObject(721, -898.79590, -1952.97705, 33.53915,   356.85840, 0.00000, 110.72160);
	CreateDynamicObject(721, -767.59161, -2083.41016, 6.71779,   356.85840, 0.00000, 110.72160);
