	//.INT BIGFOOT
	CreateDynamicObject(1508, 2522.61304, -1301.98816, 1048.27954,   0.00000, 0.00000, 0.00000);
	CreateDynamicObject(937, 2543.07642, -1306.48523, 1043.56116,   0.00000, 0.00000, -90.05995);
	CreateDynamicObject(937, 2540.17651, -1302.62512, 1043.56116,   0.00000, 0.00000, -90.06000);
	CreateDynamicObject(937, 2540.17651, -1304.54517, 1043.56116,   0.00000, 0.00000, -90.06000);
	CreateDynamicObject(937, 2540.17651, -1306.46521, 1043.56116,   0.00000, 0.00000, -90.06000);
	CreateDynamicObject(939, 2532.28271, -1299.35278, 1045.31738,   0.00000, 0.00000, -89.99995);
	CreateDynamicObject(937, 2551.12500, -1306.45435, 1043.60156,   0.00000, 0.00000, -89.64000);
	CreateDynamicObject(937, 2559.06030, -1280.87280, 1043.60156,   0.00000, 0.00000, -89.64000);
	CreateDynamicObject(937, 2543.08496, -1280.86011, 1043.60156,   0.00000, 0.00000, -89.64000);
	CreateDynamicObject(937, 2551.06152, -1280.86011, 1043.60156,   0.00000, 0.00000, -89.64000);
	CreateDynamicObject(1508, 2571.21045, -1301.88025, 1044.65955,   0.00000, 0.00000, 0.00000);
	CreateDynamicObject(937, 2536.04614, -1282.09155, 1043.52075,   0.00000, 0.00000, 90.18000);
	CreateDynamicObject(1518, 2536.10107, -1282.10913, 1044.25330,   0.00000, 0.00000, 90.00000);
	CreateDynamicObject(11090, 2569.06372, -1285.06104, 1043.71729,   0.00000, 0.00000, 0.00000);
	CreateDynamicObject(1714, 2538.27661, -1282.27356, 1043.12012,   0.00000, 0.00000, -95.10000);
	CreateDynamicObject(922, 2564.23267, -1280.98328, 1043.97717,   0.00000, 0.00000, 0.00000);
	CreateDynamicObject(941, 2541.51245, -1294.44104, 1043.58154,   0.00000, 0.00000, -90.06000);
	CreateDynamicObject(941, 2541.51245, -1292.10095, 1043.58154,   0.00000, 0.00000, -90.06000);
	CreateDynamicObject(941, 2544.75244, -1292.10095, 1043.58154,   0.00000, 0.00000, -90.06000);
	CreateDynamicObject(941, 2544.75244, -1294.46106, 1043.58154,   0.00000, 0.00000, -90.06000);
	CreateDynamicObject(941, 2551.75146, -1291.73267, 1043.58154,   0.00000, 0.00000, -90.06000);
	CreateDynamicObject(941, 2551.75146, -1294.09265, 1043.58154,   0.00000, 0.00000, -90.06000);
	CreateDynamicObject(941, 2555.01147, -1294.09265, 1043.58154,   0.00000, 0.00000, -90.06000);
	CreateDynamicObject(941, 2555.01147, -1291.73267, 1043.58154,   0.00000, 0.00000, -90.06000);
	CreateDynamicObject(941, 2558.41187, -1294.10791, 1043.58154,   0.00000, 0.00000, -90.06000);
	CreateDynamicObject(941, 2558.41187, -1291.76794, 1043.58154,   0.00000, 0.00000, -90.06000);
	CreateDynamicObject(941, 2561.39185, -1294.10791, 1043.58154,   0.00000, 0.00000, -90.06000);
	CreateDynamicObject(941, 2561.39185, -1291.74792, 1043.58154,   0.00000, 0.00000, -90.06000);
