	//.EXT CAMIONEROS
	CreateDynamicObject(3749, 2232.54834, -2216.29810, 18.33790,   0.00000, 0.00000, -45.00000);
	CreateDynamicObject(970, 2242.53735, -2216.40137, 13.04470,   0.00000, 0.00000, -45.00001);
	CreateDynamicObject(970, 2245.44189, -2219.30298, 13.04470,   0.00000, 0.00000, -45.00001);
	CreateDynamicObject(970, 2248.33325, -2222.20654, 13.04470,   0.00000, 0.00000, -45.00001);
	CreateDynamicObject(970, 2231.46411, -2205.31714, 13.04470,   0.00000, 0.00000, -45.00001);
	CreateDynamicObject(970, 2228.53784, -2202.38672, 13.04470,   0.00000, 0.00000, -45.00001);
	CreateDynamicObject(970, 2225.61523, -2199.46729, 13.04470,   0.00000, 0.00000, -45.00001);
	CreateDynamicObject(1568, 2228.90039, -2208.97778, 12.54033,   0.00000, 0.00000, 0.00000);
	CreateDynamicObject(1568, 2239.86011, -2219.83301, 12.54033,   0.00000, 0.00000, 0.00000);
	CreateDynamicObject(3578, 2232.45215, -2215.36060, 11.78530,   0.00000, 0.00000, -44.88000);
	CreateDynamicObject(3578, 2233.88354, -2216.78003, 11.78530,   0.00000, 0.00000, -44.88000);
