	//.OTHER CASILLEROS LSPD
	CreateDynamicObject(8411, -1802.58557, -238.59750, 1133.31995,   0.00000, 180.00000, -92.00000);
	CreateDynamicObject(19462, -1798.80212, -227.38240, 1064.92334,   0.00000, -90.00000, 0.00000);
	CreateDynamicObject(19462, -1798.79407, -237.00220, 1064.92334,   0.00000, -90.00000, 0.00000);
	CreateDynamicObject(19462, -1798.80432, -246.62280, 1064.92334,   0.00000, -90.00000, 0.00000);
	CreateDynamicObject(19462, -1802.28210, -227.38240, 1064.92334,   0.00000, -90.00000, 0.00000);
	CreateDynamicObject(19462, -1802.28210, -237.00240, 1064.92334,   0.00000, -90.00000, 0.00000);
	CreateDynamicObject(19462, -1802.28430, -246.62280, 1064.92334,   0.00000, -90.00000, 0.00000);
	CreateDynamicObject(19462, -1805.78210, -227.38240, 1064.92334,   0.00000, -90.00000, 0.00000);
	CreateDynamicObject(19462, -1805.78210, -237.00240, 1064.92334,   0.00000, -90.00000, 0.00000);
	CreateDynamicObject(19462, -1805.78210, -246.62241, 1064.92334,   0.00000, -90.00000, 0.00000);
	CreateDynamicObject(19460, -1797.13245, -227.38150, 1066.74609,   0.00000, 0.00000, 0.00000);
	CreateDynamicObject(19460, -1797.12891, -236.99380, 1066.74609,   0.00000, 0.00000, 0.00000);
	CreateDynamicObject(14782, -1797.57288, -225.83740, 1065.94995,   0.00000, 0.00000, -89.10000);
	CreateDynamicObject(14782, -1797.57288, -239.09740, 1065.94995,   0.00000, 0.00000, -89.10000);
	CreateDynamicObject(14782, -1797.57727, -232.61790, 1065.94995,   0.00000, 0.00000, -89.10000);
	CreateDynamicObject(19460, -1797.12891, -246.59380, 1066.74609,   0.00000, 0.00000, 0.00000);
	CreateDynamicObject(14782, -1797.57288, -246.25740, 1065.94995,   0.00000, 0.00000, -89.10000);
	CreateDynamicObject(19460, -1801.82922, -249.72101, 1066.74609,   0.00000, 0.00000, -89.34004);
	CreateDynamicObject(19460, -1811.41760, -249.83189, 1066.74609,   0.00000, 0.00000, -89.34000);
	CreateDynamicObject(19460, -1807.51904, -227.35225, 1066.74609,   0.00000, 0.00000, 0.00000);
	CreateDynamicObject(19460, -1807.51831, -236.89642, 1066.74609,   0.00000, 0.00000, 0.00000);
	CreateDynamicObject(19460, -1807.51343, -246.49580, 1066.74609,   0.00000, 0.00000, 0.00000);
	CreateDynamicObject(19460, -1801.66309, -222.64395, 1066.74609,   0.00000, 0.00000, -89.34004);
	CreateDynamicObject(19460, -1811.16052, -222.75880, 1066.74609,   0.00000, 0.00000, -89.34000);
	CreateDynamicObject(14782, -1807.05103, -226.11526, 1065.94995,   0.00000, 0.00000, 90.54003);
	CreateDynamicObject(14782, -1807.05103, -233.01530, 1065.94995,   0.00000, 0.00000, 90.54000);
	CreateDynamicObject(14782, -1807.05103, -239.89529, 1065.94995,   0.00000, 0.00000, 90.54000);
	CreateDynamicObject(14782, -1807.05103, -246.77530, 1065.94995,   0.00000, 0.00000, 90.54000);
	CreateDynamicObject(14782, -1801.94312, -229.35141, 1065.94995,   0.00000, 0.00000, 90.54003);
	CreateDynamicObject(14782, -1802.30090, -249.30830, 1065.94995,   0.00000, 0.00000, 180.00000);
	CreateDynamicObject(19460, -1802.41479, -240.11757, 1066.74609,   0.00000, 0.00000, 0.00000);
	CreateDynamicObject(19460, -1802.41113, -230.86688, 1066.74609,   0.00000, 0.00000, 0.00000);
	CreateDynamicObject(14782, -1802.01111, -241.26979, 1065.94995,   0.00000, 0.00000, 90.54003);
	CreateDynamicObject(14782, -1802.90222, -241.23073, 1065.94995,   0.00000, 0.00000, -89.10000);
	CreateDynamicObject(14782, -1802.88733, -229.38947, 1065.94995,   0.00000, 0.00000, -89.10000);
	CreateDynamicObject(1557, -1802.91113, -222.70180, 1064.96875,   0.00000, 0.00000, 0.00000);
