CreateDynamicObject(987, 900.35077, -628.99579, 113.12560,   0.00000, 0.00000, -41.82001);
CreateDynamicObject(987, 891.42780, -621.18115, 113.12560,   0.00000, 0.00000, -41.82001);
CreateDynamicObject(987, 883.87439, -614.43793, 113.12560,   0.00000, 0.00000, -41.82001);
CreateDynamicObject(987, 889.97723, -604.18970, 113.12560,   0.00000, 0.00000, -119.94001);
CreateDynamicObject(3749, 920.02301, -633.93268, 119.17100,   0.00000, 0.00000, 42.12000);
CreateDynamicObject(987, 905.35803, -633.60876, 113.12560,   0.00000, 0.00000, -41.82001);
CreateDynamicObject(987, 963.72949, -593.64478, 114.06560,   0.00000, 0.00000, 119.16000);
CreateDynamicObject(3604, 896.11212, -612.53632, 115.87250,   0.00000, 0.00000, 44.00000);
CreateDynamicObject(987, 898.09332, -595.50769, 113.12560,   0.00000, 0.00000, -133.14011);
CreateDynamicObject(987, 906.26685, -586.77130, 113.12560,   0.00000, 0.00000, -133.14011);
CreateDynamicObject(987, 915.08563, -578.86609, 113.12560,   0.00000, 0.00000, -137.63992);
CreateDynamicObject(987, 925.77570, -573.59497, 113.12560,   0.00000, 0.00000, -153.48012);
CreateDynamicObject(987, 937.61530, -572.34955, 113.12560,   0.00000, 0.00000, -173.51985);
CreateDynamicObject(987, 949.19092, -575.16907, 113.12560,   0.00000, 0.00000, -193.55983);
CreateDynamicObject(987, 957.95288, -583.22009, 113.12560,   0.00000, 0.00000, -222.59982);
CreateDynamicObject(987, 948.05518, -611.41608, 114.10560,   0.00000, 0.00000, 42.66000);
CreateDynamicObject(987, 939.29242, -619.54993, 114.10560,   0.00000, 0.00000, 42.66000);
CreateDynamicObject(987, 929.89209, -626.67029, 114.10560,   0.00000, 0.00000, 37.50000);
CreateDynamicObject(987, 928.10162, -628.12268, 114.10560,   0.00000, 0.00000, 37.50000);
CreateDynamicObject(987, 956.88702, -603.36023, 114.10560,   0.00000, 0.00000, 54.90000);
CreateDynamicObject(987, 956.88702, -603.36023, 109.22560,   0.00000, 0.00000, 54.90000);
CreateDynamicObject(987, 963.72949, -593.64478, 109.22560,   0.00000, 0.00000, 119.16000);
CreateDynamicObject(987, 957.95288, -583.22009, 109.22560,   0.00000, 0.00000, -222.59979);
CreateDynamicObject(2773, 934.54828, -609.89844, 113.89845,   0.00000, 0.00000, 0.00000);
CreateDynamicObject(2773, 934.54828, -611.81842, 113.89850,   0.00000, 0.00000, 0.00000);
CreateDynamicObject(2773, 929.81403, -610.39056, 113.89850,   0.00000, 0.00000, 0.00000);
CreateDynamicObject(2773, 929.81830, -612.29419, 113.89850,   0.00000, 0.00000, 0.00000);