CreateDynamicObject(8168,2281.0000000,618.9000200,11.7000000,0.0000000,0.0000000,106.9960000); //object(vgs_guardhouse01) (1)
CreateDynamicObject(3113,2287.2998000,599.0000000,8.5000000,359.9730000,275.9990000,90.0000000); //object(carrier_door_sfse) (1)
CreateDynamicObject(3113,2287.3391000,585.0000000,6.2499800,0.1300000,294.2130000,270.4780000); //object(carrier_door_sfse) (4)
CreateDynamicObject(3114,2273.3999000,552.0999800,6.3000000,0.0000000,0.0000000,0.0000000); //object(carrier_lift2_sfse) (1)
CreateDynamicObject(3114,2252.2998000,552.0996100,6.3000000,0.0000000,0.0000000,0.0000000); //object(carrier_lift2_sfse) (2)
CreateDynamicObject(8647,2262.9004000,611.5996100,10.7000000,0.0000000,0.0000000,90.2470000); //object(shbbyhswall03_lvs) (1)
CreateDynamicObject(8647,2233.2000000,611.5000000,10.7000000,0.0000000,0.0000000,90.2470000); //object(shbbyhswall03_lvs) (2)
CreateDynamicObject(8647,2219.1001000,596.2999900,10.7000000,0.0000000,0.0000000,181.7470000); //object(shbbyhswall03_lvs) (3)
CreateDynamicObject(8647,2219.8999000,571.0000000,10.7000000,0.0000000,0.0000000,181.7470000); //object(shbbyhswall03_lvs) (4)
CreateDynamicObject(8647,2219.8999000,571.0000000,9.7000000,0.0000000,0.0000000,181.7470000); //object(shbbyhswall03_lvs) (5)
CreateDynamicObject(8647,2219.8999000,571.0000000,8.8000000,0.0000000,0.0000000,181.7470000); //object(shbbyhswall03_lvs) (6)
CreateDynamicObject(8647,2219.8999000,571.0000000,7.8000000,0.0000000,0.0000000,181.7470000); //object(shbbyhswall03_lvs) (7)
CreateDynamicObject(8647,2219.8999000,571.0000000,6.9000000,0.0000000,0.0000000,181.7470000); //object(shbbyhswall03_lvs) (8)
CreateDynamicObject(8647,2312.2000000,612.0999800,10.7000000,0.0000000,0.0000000,90.2470000); //object(shbbyhswall03_lvs) (10)
CreateDynamicObject(8647,2341.8999000,612.2000100,10.7000000,0.0000000,0.0000000,90.2470000); //object(shbbyhswall03_lvs) (11)
CreateDynamicObject(8647,2371.6001000,612.2999900,10.7000000,0.0000000,0.0000000,90.2470000); //object(shbbyhswall03_lvs) (12)
CreateDynamicObject(8647,2401.3000000,612.4000200,10.7000000,0.0000000,0.0000000,90.2470000); //object(shbbyhswall03_lvs) (13)
CreateDynamicObject(8647,2416.3999000,597.7999900,10.7000000,0.0000000,0.0000000,359.7470000); //object(shbbyhswall03_lvs) (14)
CreateDynamicObject(8647,2416.2000000,568.0999800,10.7000000,0.0000000,0.0000000,359.7420000); //object(shbbyhswall03_lvs) (15)
CreateDynamicObject(8647,2416.3999000,597.7999900,9.7000000,0.0000000,0.0000000,359.7420000); //object(shbbyhswall03_lvs) (16)
CreateDynamicObject(8647,2416.2000000,568.0999800,9.7000000,0.0000000,0.0000000,359.7420000); //object(shbbyhswall03_lvs) (17)
CreateDynamicObject(8647,2416.2000000,568.0999800,8.7000000,0.0000000,0.0000000,359.7420000); //object(shbbyhswall03_lvs) (18)
CreateDynamicObject(8647,2416.2000000,568.0999800,7.7000000,0.0000000,0.0000000,359.7420000); //object(shbbyhswall03_lvs) (19)
CreateDynamicObject(8647,2416.2000000,568.0999800,6.7000000,0.0000000,0.0000000,359.7420000); //object(shbbyhswall03_lvs) (20)
CreateDynamicObject(8647,2416.2000000,568.0999800,5.8000000,0.0000000,0.0000000,359.7420000); //object(shbbyhswall03_lvs) (21)
CreateDynamicObject(8647,2416.2000000,568.0999800,4.8000000,0.0000000,0.0000000,359.7420000); //object(shbbyhswall03_lvs) (23)
CreateDynamicObject(9131,2416.2000000,552.9000200,4.4000000,0.0000000,0.0000000,0.0000000); //object(shbbyhswall13_lvs) (1)
CreateDynamicObject(9131,2416.2000000,552.9000200,6.6000000,0.0000000,0.0000000,0.0000000); //object(shbbyhswall13_lvs) (2)
CreateDynamicObject(9131,2416.2000000,552.9000200,8.7000000,0.0000000,0.0000000,0.0000000); //object(shbbyhswall13_lvs) (3)
CreateDynamicObject(9131,2416.2000000,552.9000200,10.6000000,0.0000000,0.0000000,0.0000000); //object(shbbyhswall13_lvs) (4)
CreateDynamicObject(621,2415.2002000,611.7002000,1.8000000,0.0000000,0.0000000,172.2110000); //object(veg_palm02) (1)
CreateDynamicObject(621,2361.7000000,611.2999900,1.8000000,0.0000000,0.0000000,172.2160000); //object(veg_palm02) (3)
CreateDynamicObject(621,2299.3999000,611.2000100,1.8000000,0.0000000,0.0000000,172.2160000); //object(veg_palm02) (5)
CreateDynamicObject(621,2275.8000000,610.9000200,1.8000000,0.0000000,0.0000000,172.2160000); //object(veg_palm02) (6)
CreateDynamicObject(621,2220.1006000,610.5000000,1.8000000,0.0000000,0.0000000,172.2110000); //object(veg_palm02) (8)
CreateDynamicObject(621,2222.3000000,562.7000100,-1.2000000,0.0000000,3.9990000,172.2160000); //object(veg_palm02) (10)
CreateDynamicObject(621,2414.8000000,557.0000000,-1.5000000,0.0000000,0.0000000,172.2160000); //object(veg_palm02) (12)
CreateDynamicObject(3809,2292.7000000,623.7000100,12.3000000,0.0000000,0.0000000,92.0000000); //object(sfx_lite05) (1)
CreateDynamicObject(9131,2283.3000000,622.9000200,10.7000000,0.0000000,0.0000000,0.0000000); //object(shbbyhswall13_lvs) (5)
CreateDynamicObject(9131,2292.7000000,622.9000200,10.7000000,0.0000000,0.0000000,0.0000000); //object(shbbyhswall13_lvs) (7)
CreateDynamicObject(3809,2283.3000000,623.7000100,12.3000000,0.0000000,0.0000000,92.0000000); //object(sfx_lite05) (2)
CreateDynamicObject(3605,2326.5000000,564.5000000,12.8000000,0.0000000,0.0000000,178.8190000); //object(bevman3_law2) (1)
CreateDynamicObject(8558,2262.9004000,551.2998000,8.4000000,0.0000000,0.0000000,179.9950000); //object(vgshseing28) (1)
CreateDynamicObject(4874,2404.7002000,526.4003900,3.6000000,0.0000000,0.0000000,177.7480000); //object(helipad1_las) (1)
CreateDynamicObject(11495,2299.7998000,514.5000000,0.5000000,0.0000000,0.0000000,0.0000000); //object(des_ranchjetty) (1)
CreateDynamicObject(11495,2288.2002000,514.5996100,0.5000000,0.0000000,0.0000000,178.9950000); //object(des_ranchjetty) (2)
CreateDynamicObject(1233,2308.0000000,627.5999800,11.4000000,0.0000000,0.0000000,177.9950000); //object(noparkingsign1) (1)
CreateDynamicObject(1233,2264.8999000,627.7000100,11.4000000,0.0000000,0.0000000,177.9900000); //object(noparkingsign1) (6)
CreateDynamicObject(1324,2293.2000000,625.0999800,10.7000000,0.0000000,0.0000000,90.0000000); //object(ws_roadwarning_04) (1)
CreateDynamicObject(1319,2292.2000000,623.7999900,10.2000000,0.0000000,0.0000000,268.0000000); //object(ws_ref_bollard) (1)
CreateDynamicObject(1319,2283.6001000,623.9000200,10.2000000,0.0000000,0.0000000,267.9950000); //object(ws_ref_bollard) (2)
CreateDynamicObject(7091,2327.7000000,576.9000200,12.5000000,0.0000000,0.0000000,89.0000000); //object(vegasflag02) (1)
CreateDynamicObject(8647,2219.8999000,571.0000000,11.7000000,0.0000000,0.0000000,181.7470000); //object(shbbyhswall03_lvs) (25)
CreateDynamicObject(8647,2219.1001000,596.2999900,11.7000000,0.0000000,0.0000000,181.7470000); //object(shbbyhswall03_lvs) (26)
CreateDynamicObject(8647,2233.2000000,611.5000000,11.7000000,0.0000000,0.0000000,90.2470000); //object(shbbyhswall03_lvs) (27)
CreateDynamicObject(8647,2262.8999000,611.5999800,11.7000000,0.0000000,0.0000000,90.2470000); //object(shbbyhswall03_lvs) (28)
CreateDynamicObject(8647,2312.2000000,612.0999800,11.6000000,0.0000000,0.0000000,90.2470000); //object(shbbyhswall03_lvs) (29)
CreateDynamicObject(8647,2341.8999000,612.2000100,11.6000000,0.0000000,0.0000000,90.2470000); //object(shbbyhswall03_lvs) (30)
CreateDynamicObject(8647,2371.6001000,612.2999900,11.6000000,0.0000000,0.0000000,90.2470000); //object(shbbyhswall03_lvs) (31)
CreateDynamicObject(8647,2401.3000000,612.4000200,11.6000000,0.0000000,0.0000000,90.2470000); //object(shbbyhswall03_lvs) (32)
CreateDynamicObject(8647,2416.3999000,597.7999900,11.6000000,0.0000000,0.0000000,359.7420000); //object(shbbyhswall03_lvs) (33)
CreateDynamicObject(8647,2416.2000000,568.0999800,11.6000000,0.0000000,0.0000000,359.7420000); //object(shbbyhswall03_lvs) (34)
CreateDynamicObject(8647,2312.2000000,612.0999800,12.6000000,0.0000000,0.0000000,90.2470000); //object(shbbyhswall03_lvs) (35)
CreateDynamicObject(8647,2312.2002000,612.0996100,13.6000000,0.0000000,0.0000000,90.2420000); //object(shbbyhswall03_lvs) (36)
CreateDynamicObject(8647,2341.8999000,612.2000100,12.6000000,0.0000000,0.0000000,90.2470000); //object(shbbyhswall03_lvs) (37)
CreateDynamicObject(8647,2341.9004000,612.2002000,13.6000000,0.0000000,0.0000000,90.2420000); //object(shbbyhswall03_lvs) (38)
CreateDynamicObject(8647,2371.6001000,612.2999900,12.6000000,0.0000000,0.0000000,90.2470000); //object(shbbyhswall03_lvs) (39)
CreateDynamicObject(8647,2371.6001000,612.2999900,13.5000000,0.0000000,0.0000000,90.2420000); //object(shbbyhswall03_lvs) (40)
CreateDynamicObject(8647,2401.3000000,612.4000200,12.6000000,0.0000000,0.0000000,90.2470000); //object(shbbyhswall03_lvs) (41)
CreateDynamicObject(8647,2401.2998000,612.4003900,13.6000000,0.0000000,0.0000000,90.2420000); //object(shbbyhswall03_lvs) (42)
CreateDynamicObject(8647,2416.3999000,597.7999900,12.6000000,0.0000000,0.0000000,359.7420000); //object(shbbyhswall03_lvs) (43)
CreateDynamicObject(8647,2416.2000000,568.0999800,12.6000000,0.0000000,0.0000000,359.7420000); //object(shbbyhswall03_lvs) (45)
CreateDynamicObject(8647,2416.2002000,568.0996100,13.6000000,0.0000000,0.0000000,359.7420000); //object(shbbyhswall03_lvs) (46)
CreateDynamicObject(9131,2416.2002000,552.9003900,12.8000000,0.0000000,0.0000000,0.0000000); //object(shbbyhswall13_lvs) (15)
CreateDynamicObject(8647,2262.8999000,611.5999800,12.6000000,0.0000000,0.0000000,90.2470000); //object(shbbyhswall03_lvs) (47)
CreateDynamicObject(8647,2262.9004000,611.5996100,13.6000000,0.0000000,0.0000000,90.2420000); //object(shbbyhswall03_lvs) (48)
CreateDynamicObject(8647,2233.2000000,611.5000000,12.7000000,0.0000000,0.0000000,90.2470000); //object(shbbyhswall03_lvs) (49)
CreateDynamicObject(8647,2233.2002000,611.5000000,13.6000000,0.0000000,0.0000000,90.2420000); //object(shbbyhswall03_lvs) (50)
CreateDynamicObject(8647,2219.1001000,596.2999900,12.6000000,0.0000000,0.0000000,181.7470000); //object(shbbyhswall03_lvs) (51)
CreateDynamicObject(8647,2219.1001000,596.2999900,13.6000000,0.0000000,0.0000000,181.7470000); //object(shbbyhswall03_lvs) (52)
CreateDynamicObject(8647,2219.1006000,596.2998000,13.6000000,0.0000000,0.0000000,181.7470000); //object(shbbyhswall03_lvs) (53)
CreateDynamicObject(8647,2219.1006000,596.2998000,13.6000000,0.0000000,0.0000000,181.7470000); //object(shbbyhswall03_lvs) (54)
CreateDynamicObject(8647,2219.1006000,596.2998000,13.6000000,0.0000000,0.0000000,181.7470000); //object(shbbyhswall03_lvs) (55)
CreateDynamicObject(8647,2219.8999000,571.0000000,12.6000000,0.0000000,0.0000000,181.7470000); //object(shbbyhswall03_lvs) (56)
CreateDynamicObject(8647,2219.9004000,571.0000000,13.6000000,0.0000000,0.0000000,181.7470000); //object(shbbyhswall03_lvs) (57)
CreateDynamicObject(2921,2416.2002000,612.4003900,14.9000000,0.0000000,0.0000000,0.0000000); //object(kmb_cam) (1)
CreateDynamicObject(8647,2416.4004000,597.7998000,13.6000000,0.0000000,0.0000000,359.7420000); //object(shbbyhswall03_lvs) (58)
CreateDynamicObject(2921,2416.5000000,612.7002000,14.2000000,0.0000000,0.0000000,248.0000000); //object(kmb_cam) (2)
CreateDynamicObject(2921,2416.5000000,552.5996100,13.8000000,0.0000000,0.0000000,147.9970000); //object(kmb_cam) (4)
CreateDynamicObject(2921,2416.3000000,559.7999900,14.7000000,1.9920000,359.9910000,272.4890000); //object(kmb_cam) (5)
CreateDynamicObject(2921,2271.1001000,611.5999800,15.1000000,0.0000000,3.9940000,3.9980000); //object(kmb_cam) (7)
CreateDynamicObject(2921,2218.6001000,611.5000000,14.9000000,0.0000000,3.9940000,7.9930000); //object(kmb_cam) (8)
CreateDynamicObject(2921,2218.8000000,611.5000000,14.9000000,0.0000000,3.9940000,235.9970000); //object(kmb_cam) (9)
CreateDynamicObject(2921,2220.4004000,556.7002000,14.9000000,0.0000000,3.9830000,321.9870000); //object(kmb_cam) (10)
CreateDynamicObject(2921,2220.5000000,556.2998000,15.0000000,0.0000000,3.9830000,163.9820000); //object(kmb_cam) (11)
CreateDynamicObject(3095,2297.5000000,622.7000100,10.2000000,0.0000000,270.5000000,270.0000000); //object(a51_jetdoor) (2)
CreateDynamicObject(3095,2301.7000000,618.7000100,10.2000000,0.0000000,270.0000000,182.0000000); //object(a51_jetdoor) (4)
CreateDynamicObject(3095,2301.8000000,616.5000000,10.2000000,0.0000000,269.9950000,182.0000000); //object(a51_jetdoor) (5)
CreateDynamicObject(9131,2292.7002000,622.9003900,12.8000000,0.0000000,0.0000000,0.0000000); //object(shbbyhswall13_lvs) (16)
CreateDynamicObject(9131,2283.2998000,622.9003900,12.9000000,0.0000000,0.0000000,0.0000000); //object(shbbyhswall13_lvs) (17)
CreateDynamicObject(3095,2278.4004000,622.7002000,9.2000000,0.0000000,270.5000000,270.0000000); //object(a51_jetdoor) (6)
CreateDynamicObject(3095,2274.3999000,618.7000100,10.2000000,0.0000000,270.5000000,0.0000000); //object(a51_jetdoor) (7)
CreateDynamicObject(3095,2274.3999000,616.2000100,10.2000000,0.0000000,270.4890000,0.0000000); //object(a51_jetdoor) (8)
CreateDynamicObject(9131,2274.2000000,623.0000000,10.7000000,0.0000000,0.0000000,0.0000000); //object(shbbyhswall13_lvs) (18)
CreateDynamicObject(9131,2274.2002000,623.0000000,12.9000000,0.0000000,0.0000000,0.0000000); //object(shbbyhswall13_lvs) (19)
CreateDynamicObject(9131,2301.9004000,623.0000000,10.8000000,0.0000000,0.0000000,0.0000000); //object(shbbyhswall13_lvs) (20)
CreateDynamicObject(9131,2301.9004000,623.0000000,12.8000000,0.0000000,0.0000000,0.0000000); //object(shbbyhswall13_lvs) (21)
CreateDynamicObject(2921,2283.2998000,623.2002000,14.0000000,0.0000000,351.9910000,267.9950000); //object(kmb_cam) (13)
CreateDynamicObject(2922,2283.3000000,623.2999900,11.3000000,0.0000000,0.0000000,0.0000000); //object(kmb_keypad) (1)
CreateDynamicObject(2909,2418.0000000,545.9000200,5.1000000,0.0000000,0.0000000,268.2480000); //object(kmb_frontgate) (1)
CreateDynamicObject(2909,2426.3000000,545.5999800,5.1000000,0.0000000,0.0000000,268.2480000); //object(kmb_frontgate) (2)
CreateDynamicObject(1232,2292.7002000,622.9003900,12.4000000,0.0000000,0.0000000,0.0000000); //object(streetlamp1) (1)
CreateDynamicObject(1232,2283.3000000,622.9000200,12.4000000,0.0000000,0.0000000,0.0000000); //object(streetlamp1) (3)
CreateDynamicObject(1231,2296.5000000,603.7002000,12.6000000,0.0000000,0.0000000,270.0000000); //object(streetlamp2) (2)
CreateDynamicObject(1232,2276.2000000,584.5999800,9.5000000,0.0000000,0.0000000,0.0000000); //object(streetlamp1) (5)
CreateDynamicObject(1232,2298.5000000,584.2999900,9.4000000,0.0000000,0.0000000,0.0000000); //object(streetlamp1) (7)
CreateDynamicObject(1215,2280.7000000,549.7999900,7.4000000,0.0000000,0.0000000,0.0000000); //object(bollardlight) (2)
CreateDynamicObject(1215,2266.2000000,549.7999900,7.4000000,0.0000000,0.0000000,0.0000000); //object(bollardlight) (4)
CreateDynamicObject(1215,2252.2000000,550.0000000,7.4000000,0.0000000,0.0000000,0.0000000); //object(bollardlight) (8)
CreateDynamicObject(1215,2245.1001000,549.7999900,7.4000000,0.0000000,0.0000000,0.0000000); //object(bollardlight) (10)
CreateDynamicObject(1214,2262.8999000,551.0000000,6.9000000,0.0000000,0.0000000,0.0000000); //object(bollard) (2)
CreateDynamicObject(1232,2320.8999000,579.5999800,9.4000000,0.0000000,0.0000000,2.0000000); //object(streetlamp1) (9)
CreateDynamicObject(1232,2335.3999000,578.9000200,9.4000000,0.0000000,0.0000000,2.0000000); //object(streetlamp1) (11)
CreateDynamicObject(1232,2335.4004000,578.9003900,9.4000000,0.0000000,0.0000000,2.0000000); //object(streetlamp1) (12)
CreateDynamicObject(3460,2384.3000000,613.0999800,13.8000000,0.0000000,0.0000000,0.0000000); //object(vegaslampost) (2)
CreateDynamicObject(3460,2416.8000000,584.4000200,13.1000000,0.0000000,0.0000000,267.9950000); //object(vegaslampost) (4)
CreateDynamicObject(3460,2329.7000000,612.7999900,13.8000000,0.0000000,0.0000000,0.0000000); //object(vegaslampost) (6)
CreateDynamicObject(3460,2248.8000000,612.0999800,13.8000000,0.0000000,0.0000000,0.0000000); //object(vegaslampost) (8)
CreateDynamicObject(3460,2218.8999000,584.5999800,13.7000000,0.0000000,0.0000000,90.0000000); //object(vegaslampost) (9)
CreateDynamicObject(1232,2288.1001000,525.5999800,3.4000000,0.0000000,0.0000000,0.0000000); //object(streetlamp1) (14)
CreateDynamicObject(1232,2299.8999000,525.5000000,3.4000000,0.0000000,0.0000000,0.0000000); //object(streetlamp1) (16)
CreateDynamicObject(1232,2348.6001000,524.7999900,3.4000000,0.0000000,0.0000000,0.0000000); //object(streetlamp1) (18)
CreateDynamicObject(1232,2371.1006000,525.5000000,3.4000000,0.0000000,0.0000000,0.0000000); //object(streetlamp1) (20)
CreateDynamicObject(1231,2309.1001000,551.7999900,10.2000000,0.0000000,0.0000000,0.0000000); //object(streetlamp2) (3)
CreateDynamicObject(1231,2345.1006000,551.2002000,10.2000000,0.0000000,0.0000000,0.0000000); //object(streetlamp2) (4)
CreateDynamicObject(1694,2342.9004000,387.9003900,33.6000000,0.0000000,0.0000000,0.0000000); //object(roofstuff13) (1)
CreateDynamicObject(2921,2343.7998000,389.2002000,35.3000000,0.0000000,0.0000000,69.9940000); //object(kmb_cam) (14)
CreateDynamicObject(2921,2347.8999000,394.2999900,34.6000000,0.0000000,0.0000000,192.0000000); //object(kmb_cam) (16)
CreateDynamicObject(655,2318.3000000,605.9000200,9.8000000,0.0000000,0.0000000,0.0000000); //object(pinetree06) (4)
CreateDynamicObject(655,2254.2000000,605.7999900,9.8000000,0.0000000,0.0000000,0.0000000); //object(pinetree06) (5)
CreateDynamicObject(655,2228.3000000,585.2000100,9.8000000,0.0000000,0.0000000,0.0000000); //object(pinetree06) (7)
CreateDynamicObject(655,2391.0000000,606.0999800,9.8000000,0.0000000,0.0000000,0.0000000); //object(pinetree06) (10)
CreateDynamicObject(792,2330.8999000,579.2000100,6.9000000,0.0000000,0.0000000,0.0000000); //object(aw_streettree1) (1)
CreateDynamicObject(792,2324.8000000,579.2000100,6.9000000,0.0000000,0.0000000,0.0000000); //object(aw_streettree1) (2)
CreateDynamicObject(792,2324.8000000,584.7000100,6.9000000,0.0000000,0.0000000,0.0000000); //object(aw_streettree1) (3)
CreateDynamicObject(792,2330.9004000,584.7002000,6.9000000,0.0000000,0.0000000,0.0000000); //object(aw_streettree1) (4)
CreateDynamicObject(1232,2324.7998000,587.2002000,9.4000000,0.0000000,0.0000000,2.0000000); //object(streetlamp1) (24)
CreateDynamicObject(1232,2330.7998000,587.0996100,9.4000000,0.0000000,0.0000000,2.0000000); //object(streetlamp1) (25)
CreateDynamicObject(1640,2327.2500000,586.4248000,6.6268900,0.0000000,0.0000000,0.0000000); //object(beachtowel04) (1)
CreateDynamicObject(1642,2328.3999000,580.2000100,6.8000000,0.0000000,0.0000000,0.0000000); //object(beachtowel02) (1)
CreateDynamicObject(1642,2327.3000000,580.2000100,6.8000000,0.0000000,0.0000000,0.0000000); //object(beachtowel02) (2)
CreateDynamicObject(1642,2327.3000000,582.4000200,6.8000000,0.0000000,0.0000000,0.0000000); //object(beachtowel02) (3)
CreateDynamicObject(1642,2328.3999000,582.4000200,6.8000000,0.0000000,0.0000000,0.0000000); //object(beachtowel02) (4)
CreateDynamicObject(1642,2328.3999000,584.5999800,6.8000000,0.0000000,0.0000000,0.0000000); //object(beachtowel02) (5)
CreateDynamicObject(1642,2327.3000000,584.5999800,6.8000000,0.0000000,0.0000000,0.0000000); //object(beachtowel02) (6)
CreateDynamicObject(2773,2329.3000000,584.7000100,7.3000000,0.0000000,0.0000000,0.0000000); //object(cj_airprt_bar) (1)
CreateDynamicObject(2773,2329.3000000,582.0000000,7.3000000,0.0000000,0.0000000,0.0000000); //object(cj_airprt_bar) (2)
CreateDynamicObject(2773,2326.3999000,581.7999900,7.3000000,0.0000000,0.0000000,0.0000000); //object(cj_airprt_bar) (3)
CreateDynamicObject(2773,2326.3999000,584.5999800,7.3000000,0.0000000,0.0000000,0.0000000); //object(cj_airprt_bar) (4)
CreateDynamicObject(8647,2416.3999000,597.7999900,14.4000000,0.0000000,0.0000000,359.7420000); //object(shbbyhswall03_lvs) (9)
CreateDynamicObject(8647,2416.2000000,568.0999800,14.4000000,0.0000000,0.0000000,359.7420000); //object(shbbyhswall03_lvs) (22)
CreateDynamicObject(8647,2401.3000000,612.4000200,14.5000000,0.0000000,0.0000000,90.2420000); //object(shbbyhswall03_lvs) (44)
CreateDynamicObject(8647,2371.6006000,612.2998000,14.5000000,0.0000000,0.0000000,90.2420000); //object(shbbyhswall03_lvs) (60)
CreateDynamicObject(8647,2341.8999000,612.2000100,14.5000000,0.0000000,0.0000000,90.2420000); //object(shbbyhswall03_lvs) (64)
CreateDynamicObject(8647,2312.2002000,612.0996100,14.5000000,0.0000000,0.0000000,90.2420000); //object(shbbyhswall03_lvs) (65)
CreateDynamicObject(9131,2301.8999000,623.0000000,14.1000000,0.0000000,0.0000000,0.0000000); //object(shbbyhswall13_lvs) (6)
CreateDynamicObject(8647,2219.9004000,571.0000000,14.6000000,0.0000000,0.0000000,181.7470000); //object(shbbyhswall03_lvs) (66)
CreateDynamicObject(8647,2219.1001000,596.2999900,14.6000000,0.0000000,0.0000000,181.7470000); //object(shbbyhswall03_lvs) (67)
CreateDynamicObject(8647,2233.2002000,611.5000000,14.6000000,0.0000000,0.0000000,90.2420000); //object(shbbyhswall03_lvs) (68)
CreateDynamicObject(8647,2262.8999000,611.5999800,14.6000000,0.0000000,0.0000000,90.2420000); //object(shbbyhswall03_lvs) (69)
CreateDynamicObject(3095,2278.3999000,622.7000100,10.2000000,0.0000000,270.5000000,270.0000000); //object(a51_jetdoor) (1)
CreateDynamicObject(9131,2274.2000000,623.0000000,14.0000000,0.0000000,0.0000000,0.0000000); //object(shbbyhswall13_lvs) (8)
CreateDynamicObject(9131,2292.7000000,622.9000200,13.7000000,0.0000000,0.0000000,0.0000000); //object(shbbyhswall13_lvs) (9)
CreateDynamicObject(9131,2283.3000000,622.9000200,13.7000000,0.0000000,0.0000000,0.0000000); //object(shbbyhswall13_lvs) (10)
CreateDynamicObject(9131,2284.7002000,622.9003900,13.6000000,0.0000000,90.0000000,0.0000000); //object(shbbyhswall13_lvs) (11)
CreateDynamicObject(9131,2286.7002000,622.9003900,13.6000000,0.0000000,90.0000000,0.0000000); //object(shbbyhswall13_lvs) (12)
CreateDynamicObject(9131,2288.7002000,622.9003900,13.6000000,0.0000000,90.0000000,0.0000000); //object(shbbyhswall13_lvs) (13)
CreateDynamicObject(9131,2290.7000000,622.9000200,13.6000000,0.0000000,90.0000000,0.0000000); //object(shbbyhswall13_lvs) (14)
CreateDynamicObject(9131,2291.6006000,622.9003900,13.6000000,0.0000000,90.0000000,0.0000000); //object(shbbyhswall13_lvs) (22)
CreateDynamicObject(9131,2284.7000000,622.9000200,14.2000000,0.0000000,90.0000000,0.0000000); //object(shbbyhswall13_lvs) (23)
CreateDynamicObject(9131,2286.7000000,622.9000200,14.2000000,0.0000000,90.0000000,0.0000000); //object(shbbyhswall13_lvs) (24)
CreateDynamicObject(9131,2288.7000000,622.9000200,14.2000000,0.0000000,90.0000000,0.0000000); //object(shbbyhswall13_lvs) (25)
CreateDynamicObject(9131,2290.7000000,622.9000200,14.2000000,0.0000000,90.0000000,0.0000000); //object(shbbyhswall13_lvs) (26)
CreateDynamicObject(9131,2291.6001000,622.9000200,14.2000000,0.0000000,90.0000000,0.0000000); //object(shbbyhswall13_lvs) (27)
CreateDynamicObject(2614,2288.0000000,623.4000200,14.0000000,0.0000000,0.0000000,180.0000000); //object(cj_us_flag) (1)
CreateDynamicObject(1616,2346.3000000,623.2000100,17.3000000,0.0000000,8.0000000,18.0000000); //object(nt_securecam1_01) (1)
CreateDynamicObject(1616,2346.8000000,623.7000100,17.5000000,0.0000000,7.9980000,225.9960000); //object(nt_securecam1_01) (2)
CreateDynamicObject(1616,2257.6001000,623.7000100,17.5000000,0.0000000,7.9930000,225.9940000); //object(nt_securecam1_01) (3)
CreateDynamicObject(1616,2257.0000000,623.2999900,17.5000000,0.0000000,7.9930000,357.9940000); //object(nt_securecam1_01) (4)
CreateDynamicObject(1886,2316.2000000,576.7000100,10.4000000,15.9900000,357.9190000,130.5730000); //object(shop_sec_cam) (1)
CreateDynamicObject(1886,2339.3999000,575.7000100,10.3000000,13.9900000,357.9380000,240.4980000); //object(shop_sec_cam) (2)
CreateDynamicObject(9131,2296.8000000,551.5999800,7.6000000,0.0000000,0.0000000,0.0000000); //object(shbbyhswall13_lvs) (28)
CreateDynamicObject(9131,2296.7998000,551.5996100,9.6000000,0.0000000,0.0000000,0.0000000); //object(shbbyhswall13_lvs) (29)
CreateDynamicObject(9131,2296.7998000,551.5996100,11.5000000,0.0000000,0.0000000,0.0000000); //object(shbbyhswall13_lvs) (30)
CreateDynamicObject(1616,2297.0000000,550.9000200,11.7000000,0.0000000,0.0000000,111.9950000); //object(nt_securecam1_01) (6)
CreateDynamicObject(1616,2297.3999000,551.7999900,11.7000000,0.0000000,8.0000000,203.9950000); //object(nt_securecam1_01) (7)
CreateDynamicObject(1616,2296.2000000,551.4000200,11.7000000,0.0000000,7.9980000,11.9940000); //object(nt_securecam1_01) (8)
CreateDynamicObject(9131,2295.2000000,551.0000000,5.0000000,0.0000000,0.0000000,180.0000000); //object(shbbyhswall13_lvs) (31)
CreateDynamicObject(9131,2295.8999000,551.0000000,5.0000000,0.0000000,0.0000000,179.9950000); //object(shbbyhswall13_lvs) (32)
CreateDynamicObject(9131,2292.8999000,551.0000000,5.0000000,0.0000000,0.0000000,179.9950000); //object(shbbyhswall13_lvs) (33)
CreateDynamicObject(9131,2292.2000000,551.0000000,5.0000000,0.0000000,0.0000000,179.9950000); //object(shbbyhswall13_lvs) (34)
CreateDynamicObject(9131,2295.2000000,551.0000000,7.1000000,0.0000000,0.0000000,179.9950000); //object(shbbyhswall13_lvs) (35)
CreateDynamicObject(9131,2295.8999000,551.0000000,7.1000000,0.0000000,0.0000000,179.9950000); //object(shbbyhswall13_lvs) (36)
CreateDynamicObject(9131,2292.8999000,551.0000000,7.1000000,0.0000000,0.0000000,179.9950000); //object(shbbyhswall13_lvs) (37)
CreateDynamicObject(9131,2292.2000000,551.0000000,7.1000000,0.0000000,0.0000000,179.9950000); //object(shbbyhswall13_lvs) (38)
CreateDynamicObject(9131,2294.1001000,551.0000000,7.8600000,0.0000000,90.0000000,179.9950000); //object(shbbyhswall13_lvs) (39)
CreateDynamicObject(9131,2294.1001000,551.0000000,7.1000000,0.0000000,90.0000000,179.9950000); //object(shbbyhswall13_lvs) (40)
CreateDynamicObject(3379,2288.0000000,503.7999900,0.7000000,0.0000000,0.0000000,0.0000000); //object(ce_hairpinr) (1)
CreateDynamicObject(3380,2299.7000000,503.7000100,0.7000000,0.0000000,0.0000000,0.0000000); //object(ce_hairpinl) (1)
CreateDynamicObject(1223,2292.6001000,550.9000200,2.3000000,0.0000000,0.0000000,270.0000000); //object(lampost_coast) (1)
CreateDynamicObject(1223,2295.6001000,550.9000200,2.3000000,0.0000000,0.0000000,270.0000000); //object(lampost_coast) (2)
CreateDynamicObject(11245,2421.3000000,508.7999900,9.9000000,359.3820000,287.9900000,264.3480000); //object(sfsefirehseflag) (1)
CreateDynamicObject(9131,2361.0000000,550.9000200,5.0000000,0.0000000,0.0000000,179.9950000); //object(shbbyhswall13_lvs) (41)
CreateDynamicObject(9131,2361.7000000,550.9000200,5.0000000,0.0000000,0.0000000,179.9950000); //object(shbbyhswall13_lvs) (42)
CreateDynamicObject(9131,2358.7000000,550.9000200,5.0000000,0.0000000,0.0000000,179.9950000); //object(shbbyhswall13_lvs) (43)
CreateDynamicObject(9131,2358.0000000,550.9000200,5.0000000,0.0000000,0.0000000,179.9950000); //object(shbbyhswall13_lvs) (44)
CreateDynamicObject(9131,2358.0000000,550.9000200,7.1000000,0.0000000,0.0000000,179.9950000); //object(shbbyhswall13_lvs) (45)
CreateDynamicObject(9131,2358.7000000,550.9000200,7.1000000,0.0000000,0.0000000,179.9950000); //object(shbbyhswall13_lvs) (46)
CreateDynamicObject(9131,2361.0000000,550.9000200,7.1000000,0.0000000,0.0000000,179.9950000); //object(shbbyhswall13_lvs) (47)
CreateDynamicObject(9131,2361.7000000,550.9000200,7.1000000,0.0000000,0.0000000,179.9950000); //object(shbbyhswall13_lvs) (48)
CreateDynamicObject(9131,2359.8000000,550.9000200,7.8700000,0.0000000,90.0000000,179.9950000); //object(shbbyhswall13_lvs) (49)
CreateDynamicObject(9131,2359.8000000,550.9000200,7.2000000,0.0000000,90.0000000,179.9950000); //object(shbbyhswall13_lvs) (50)
CreateDynamicObject(1223,2358.3999000,550.5999800,2.3000000,0.0000000,0.0000000,270.0000000); //object(lampost_coast) (3)
CreateDynamicObject(1223,2361.3999000,550.5999800,2.3000000,0.0000000,0.0000000,270.0000000); //object(lampost_coast) (4)
CreateDynamicObject(17070,2253.3000000,587.7999900,6.9000000,0.0000000,0.0000000,182.2500000); //object(carspaces03) (1)
CreateDynamicObject(1232,2266.0000000,598.0000000,9.4000000,0.0000000,0.0000000,0.0000000); //object(streetlamp1) (29)
CreateDynamicObject(1232,2242.1001000,598.4000200,9.4000000,0.0000000,0.0000000,0.0000000); //object(streetlamp1) (30)
CreateDynamicObject(8558,2262.9004000,556.4003900,8.4000000,0.0000000,0.0000000,179.9950000); //object(vgshseing28) (2)
CreateDynamicObject(9131,2362.7000000,551.5000000,7.1000000,0.0000000,0.0000000,359.9950000); //object(shbbyhswall13_lvs) (51)
CreateDynamicObject(9131,2362.7000000,551.5000000,9.1000000,0.0000000,0.0000000,359.9890000); //object(shbbyhswall13_lvs) (52)
CreateDynamicObject(9131,2362.7002000,551.5000000,11.1000000,0.0000000,0.0000000,359.9840000); //object(shbbyhswall13_lvs) (53)
CreateDynamicObject(1616,2362.0000000,551.5996100,11.2000000,0.0000000,0.0000000,331.9960000); //object(nt_securecam1_01) (9)
CreateDynamicObject(1616,2362.9004000,550.7998000,11.2000000,0.0000000,0.0000000,103.9910000); //object(nt_securecam1_01) (10)
CreateDynamicObject(1616,2363.4004000,551.5000000,11.2000000,0.0000000,0.0000000,181.9890000); //object(nt_securecam1_01) (11)
CreateDynamicObject(9131,2416.2000000,552.9000200,14.2000000,0.0000000,0.0000000,0.0000000); //object(shbbyhswall13_lvs) (54)
CreateDynamicObject(738,2269.7000000,595.0000000,6.9000000,0.0000000,0.0000000,0.0000000); //object(aw_streettree2) (4)
CreateDynamicObject(996,2298.5000000,594.5999800,9.0000000,0.0000000,9.0000000,270.0000000); //object(lhouse_barrier1) (1)
CreateDynamicObject(996,2276.1001000,595.5000000,9.0000000,0.0000000,8.9980000,270.0000000); //object(lhouse_barrier1) (2)
CreateDynamicObject(2690,2292.7000000,622.4000200,11.8000000,0.0000000,0.0000000,0.0000000); //object(cj_fire_ext) (2)
CreateDynamicObject(2690,2280.3999000,554.5000000,8.9000000,0.0000000,0.0000000,278.0000000); //object(cj_fire_ext) (3)
CreateDynamicObject(2690,2292.8000000,550.5000000,5.6000000,0.0000000,0.0000000,0.0000000); //object(cj_fire_ext) (9)
CreateDynamicObject(2690,2356.1001000,575.0999800,8.6000000,0.0000000,0.0000000,175.9950000); //object(cj_fire_ext) (10)
CreateDynamicObject(2690,2419.5000000,512.7000100,4.6000000,0.0000000,0.0000000,194.0000000); //object(cj_fire_ext) (12)
CreateDynamicObject(738,2244.8999000,576.0000000,6.9000000,0.0000000,0.0000000,0.0000000); //object(aw_streettree2) (11)
CreateDynamicObject(1461,2293.7000000,522.4000200,1.7000000,0.0000000,0.0000000,180.0000000); //object(dyn_life_p) (1)
CreateDynamicObject(4199,2364.0000000,569.2000100,8.9000000,0.0000000,0.0000000,90.0000000); //object(garages1_lan) (2)