CreateDynamicObject(19377, 2814.05371, -1059.47986, 25.64000,   -5.00000, 0.00000, -89.56000);
CreateDynamicObject(2921, 2809.22192, -1079.62915, 35.58566,   0.00000, 0.00000, 50.70000);
CreateDynamicObject(2921, 2808.41431, -1062.01184, 35.58566,   0.00000, 0.00000, 70.62002);
CreateDynamicObject(2921, 2809.39233, -1100.88220, 35.58566,   0.00000, 0.00000, 70.62002);
CreateDynamicObject(2921, 2810.03369, -1100.16760, 35.62159,   0.00000, 0.00000, 182.10008);
CreateDynamicObject(2921, 2807.93750, -1060.78857, 37.46570,   0.00000, 0.00000, -64.38000);
CreateDynamicObject(3604, 229.55960, -1250.72205, 70.06170,   0.00000, -9.00000, 41.92000);
CreateDynamicObject(19377, 2820.57397, -1059.41968, 25.06000,   -5.00000, 0.00000, -89.56000);
CreateDynamicObject(3084, 2800.13086, -1105.45740, 32.93020,   0.00000, 0.00000, 90.42000);
CreateDynamicObject(3084, 2800.14990, -1105.45166, 29.73020,   0.00000, 0.00000, 90.42000);
CreateDynamicObject(3084, 2800.39502, -1064.78271, 31.63020,   0.00000, -90.00000, 90.00000);
CreateDynamicObject(3084, 2800.39502, -1067.94275, 31.63020,   0.00000, -90.00000, 90.00000);
CreateDynamicObject(3084, 2800.39502, -1071.16272, 31.63020,   0.00000, -90.00000, 90.00000);
CreateDynamicObject(3084, 2800.39502, -1074.30273, 31.63020,   0.00000, -90.00000, 90.00000);
CreateDynamicObject(3084, 2800.39502, -1075.78271, 31.65020,   0.00000, -90.00000, 90.00000);
CreateDynamicObject(3515, 2810.63062, -1089.15881, 29.23143,   0.00000, 0.00000, 0.00000);
CreateDynamicObject(620, 2811.24048, -1083.77832, 29.81520,   0.00000, 0.00000, 0.00000);
CreateDynamicObject(620, 2811.24048, -1094.58728, 29.81520,   0.00000, 0.00000, 0.00000);
CreateDynamicObject(640, 2808.61670, -1093.86133, 30.88420,   0.00000, 0.00000, 1.08000);
CreateDynamicObject(640, 2808.52026, -1088.53235, 30.88420,   0.00000, 0.00000, 1.08000);
CreateDynamicObject(640, 2808.44287, -1084.28540, 30.88420,   0.00000, 0.00000, 1.02000);
CreateDynamicObject(640, 2812.77710, -1093.90820, 30.88420,   0.00000, 0.00000, -178.97995);
CreateDynamicObject(640, 2812.66724, -1088.56775, 30.88420,   0.00000, 0.00000, -178.67996);
CreateDynamicObject(640, 2812.61304, -1084.55225, 30.88420,   0.00000, 0.00000, -178.86000);
CreateDynamicObject(2921, 2787.37207, -1061.30396, 34.03170,   0.00000, 0.00000, -256.01996);
CreateDynamicObject(2921, 2786.34937, -1084.24915, 34.47441,   0.00000, 0.00000, -382.80002);
CreateDynamicObject(2921, 2787.95752, -1113.01904, 34.47441,   0.00000, 0.00000, -414.18015);