CreateDynamicObject(19379, 842.10443, -1363.53076, 21.45530,   360.00000, 90.00000, 0.18000);
CreateDynamicObject(2773, 817.29626, -1386.91125, 13.13620,   0.00000, 0.00000, 0.00000);
CreateDynamicObject(2773, 814.86755, -1386.92798, 13.13620,   0.00000, 0.00000, 0.00000);
CreateDynamicObject(2631, 816.08655, -1386.00061, 12.56810,   0.00000, -1.00000, -89.37994);
CreateDynamicObject(1568, 819.48627, -1386.17468, 12.52780,   0.00000, 0.00000, 0.00000);
CreateDynamicObject(1568, 813.12311, -1386.03650, 12.52780,   0.00000, 0.00000, 0.00000);
CreateDynamicObject(949, 817.83685, -1386.20923, 13.25430,   0.00000, 0.00000, 0.00000);
CreateDynamicObject(949, 814.30847, -1386.18420, 13.25430,   0.00000, 0.00000, 0.00000);
CreateDynamicObject(1557, 814.57300, -1385.67554, 12.55030,   0.00000, 0.00000, 0.00000);
CreateDynamicObject(1557, 817.59491, -1385.67847, 12.55030,   0.00000, 0.00000, -179.93990);
CreateDynamicObject(19379, 842.12439, -1373.12244, 21.45530,   360.00000, 90.00000, 0.18000);
CreateDynamicObject(19379, 831.66150, -1373.16064, 21.45530,   360.00000, 90.00000, 0.18000);
CreateDynamicObject(19379, 831.68756, -1363.53784, 21.45530,   360.00000, 90.00000, 0.18000);
CreateDynamicObject(983, 847.38141, -1371.93311, 22.19450,   0.00000, 0.00000, 0.00000);
CreateDynamicObject(983, 847.35535, -1381.56555, 22.19450,   0.00000, 0.00000, 0.00000);
CreateDynamicObject(983, 844.17242, -1384.77722, 22.24140,   0.00000, 0.00000, -90.06000);
CreateDynamicObject(983, 837.78552, -1384.76819, 22.24140,   0.00000, 0.00000, -90.06000);
CreateDynamicObject(983, 832.30298, -1384.77625, 22.24140,   0.00000, 0.00000, -90.06000);
CreateDynamicObject(983, 847.35547, -1363.25134, 22.19450,   0.00000, 0.00000, 0.00000);
CreateDynamicObject(983, 847.36047, -1356.85706, 22.19450,   0.00000, 0.00000, 0.00000);
CreateDynamicObject(983, 826.49579, -1361.95776, 21.89350,   0.00000, 0.00000, 0.00000);
CreateDynamicObject(983, 829.70502, -1358.75427, 21.89350,   0.00000, 0.00000, -90.06000);
CreateDynamicObject(983, 836.13373, -1358.73608, 21.89350,   0.00000, 0.00000, -90.06000);
CreateDynamicObject(19611, 834.27710, -1380.32263, 22.82950,   0.00000, 0.00000, 0.00000);
CreateDynamicObject(19610, 834.27600, -1380.39282, 24.45650,   -3.00000, -22.00000, -179.00000);
CreateDynamicObject(19454, 837.15436, -1383.24841, 21.07080,   0.00000, 0.00000, -89.94000);
CreateDynamicObject(19454, 837.12927, -1381.57764, 22.75080,   0.00000, -270.00000, -89.94000);
CreateDynamicObject(19454, 837.15308, -1379.89990, 21.07080,   0.00000, 0.00000, -89.94000);
CreateDynamicObject(19435, 841.91388, -1382.51648, 21.08140,   0.00000, 0.00000, 0.00000);
CreateDynamicObject(19435, 841.92938, -1380.95569, 21.08140,   0.00000, 0.00000, 0.00000);
CreateDynamicObject(19435, 841.93781, -1380.63049, 21.08140,   0.00000, 0.00000, 0.00000);
CreateDynamicObject(19435, 832.40503, -1380.65796, 21.08140,   0.00000, 0.00000, 0.00000);
CreateDynamicObject(19435, 841.91327, -1380.94385, 21.08140,   0.00000, 0.00000, 0.00000);
CreateDynamicObject(19435, 832.40179, -1382.26245, 21.08140,   0.00000, 0.00000, 0.00000);
CreateDynamicObject(19435, 832.40570, -1382.50562, 21.08140,   0.00000, 0.00000, 0.00000);
CreateDynamicObject(19609, 839.91351, -1381.93982, 22.83637,   0.00000, 0.00000, -186.36008);
CreateDynamicObject(19613, 833.24957, -1380.39868, 22.37397,   -19.00000, -1.00000, -360.56033);
CreateDynamicObject(19613, 836.35052, -1380.36267, 22.37397,   -19.00000, -1.00000, -360.56033);
CreateDynamicObject(19613, 840.69476, -1380.35583, 22.37397,   -19.00000, -1.00000, -360.56033);
CreateDynamicObject(11687, 839.94641, -1383.04163, 22.83675,   0.00000, 0.00000, 0.00000);
CreateDynamicObject(19613, 831.57910, -1380.16162, 21.53960,   0.00000, 0.00000, -179.58000);
CreateDynamicObject(19613, 842.92114, -1380.17773, 21.53960,   0.00000, 0.00000, -179.58000);
CreateDynamicObject(19613, 838.47614, -1380.33459, 22.37397,   -19.00000, -1.00000, -360.56033);
CreateDynamicObject(19613, 831.57910, -1380.16162, 22.21960,   0.00000, 0.00000, -179.58000);
CreateDynamicObject(19613, 842.92108, -1380.17773, 22.21960,   0.00000, 0.00000, -179.58000);
CreateDynamicObject(16151, 841.20844, -1360.09058, 21.96170,   0.00000, 0.00000, 88.13990);
CreateDynamicObject(1594, 842.05591, -1364.63208, 21.99980,   0.00000, 0.00000, 0.00000);
CreateDynamicObject(1594, 838.26813, -1364.66052, 21.99980,   0.00000, 0.00000, 0.00000);
CreateDynamicObject(1594, 840.12036, -1367.92737, 21.99980,   0.00000, 0.00000, 0.00000);
CreateDynamicObject(1594, 835.46735, -1363.75037, 21.99980,   0.00000, 0.00000, 0.00000);
CreateDynamicObject(2188, 829.17084, -1361.38818, 22.48840,   0.00000, 0.00000, 87.54000);
CreateDynamicObject(2029, 836.35779, -1382.23645, 22.75840,   0.00000, 0.00000, 0.00000);
CreateDynamicObject(14820, 836.85999, -1382.35327, 23.65780,   0.00000, 0.00000, 0.00000);
CreateDynamicObject(983, 829.03912, -1366.98499, 23.19060,   0.00000, 0.00000, 0.00000);
CreateDynamicObject(983, 828.39471, -1363.79041, 20.63890,   -91.00000, -360.00000, -270.00000);
CreateDynamicObject(983, 827.13470, -1363.78833, 20.63890,   -91.00000, -360.00000, -270.00000);
CreateDynamicObject(983, 829.04413, -1373.35425, 23.19060,   0.00000, 0.00000, 0.00000);
CreateDynamicObject(983, 829.03223, -1379.75439, 23.19060,   0.00000, 0.00000, 0.00000);
CreateDynamicObject(983, 829.02850, -1381.81555, 23.19060,   0.00000, 0.00000, 0.00000);
CreateDynamicObject(1594, 835.50055, -1367.67981, 21.99980,   0.00000, 0.00000, 0.00000);
CreateDynamicObject(19823, 840.89478, -1361.13379, 22.56730,   0.00000, 0.00000, 0.00000);
CreateDynamicObject(1723, 829.58301, -1373.77686, 21.49410,   0.00000, 0.00000, 90.17990);
CreateDynamicObject(1723, 829.54895, -1370.87781, 21.49410,   0.00000, 0.00000, 90.17990);
CreateDynamicObject(983, 847.37067, -1378.31934, 22.19450,   0.00000, 0.00000, 0.00000);
