	//.EXT LSMD
	CreateDynamicObject(1568, 1189.89502, -1381.35303, 12.40430,   0.00000, 0.00000, 0.00000);
	CreateDynamicObject(1568, 1211.72180, -1381.97693, 12.40430,   0.00000, 0.00000, 0.00000);
	CreateDynamicObject(1568, 1211.73669, -1329.37146, 12.40430,   0.00000, 0.00000, 0.00000);
	CreateDynamicObject(1568, 1189.88257, -1328.61047, 12.40430,   0.00000, 0.00000, 0.00000);
	CreateDynamicObject(1568, 1189.90295, -1294.70496, 12.40430,   0.00000, 0.00000, 0.00000);
	CreateDynamicObject(1568, 1211.68372, -1295.38403, 12.40430,   0.00000, 0.00000, 0.00000);
	CreateDynamicObject(982, 1190.28967, -1372.49109, 13.20420,   0.00000, 0.00000, 0.00000);
	CreateDynamicObject(982, 1190.28442, -1346.89185, 13.20420,   0.00000, 0.00000, 0.00000);
	CreateDynamicObject(982, 1190.29163, -1303.69299, 13.20420,   0.00000, 0.00000, 0.00000);
	CreateDynamicObject(982, 1211.14966, -1372.29114, 13.20420,   0.00000, 0.00000, 0.00000);
	CreateDynamicObject(982, 1211.16821, -1346.71790, 13.20420,   0.00000, 0.00000, 0.00000);
	CreateDynamicObject(982, 1211.16589, -1321.13147, 13.20420,   0.00000, 0.00000, 0.00000);
	CreateDynamicObject(982, 1211.16138, -1301.91602, 13.20420,   0.00000, 0.00000, 0.00000);
	CreateDynamicObject(996, 1145.909423, -1346.457763, 13.637101, 0.000000, 0.000000, 89.999954); // lsmd.
	CreateDynamicObject(996, 1138.451538, -1347.062133, 13.627229, 0.000000, 0.000000, 0.000000); // lsmd.
	CreateDynamicObject(996, 1089.742553, -1329.237548, 13.352866, 0.000000, 0.000000, -88.500000); // lsmd.
	CreateDynamicObject(967, 1137.369262, -1291.774414, 12.546870, 0.000000, 0.000000, 87.500099); // lsmd.
	CreateDynamicObject(966, 1145.301757, -1291.418579, 12.597631, 0.000000, 0.000000, 0.000000); // lsmd.
	CreateDynamicObject(970, 1147.859130, -1291.273437, 13.239387, 0.000000, 0.000000, 0.000000); // lsmd.
	CreateDynamicObject(970, 1134.475341, -1291.066040, 13.116868, 0.000000, 0.000000, 0.000000); // lsmd.
