CreateDynamicObject(6458,713.9000200,-1409.3000000,15.8000000,0.0000000,0.0000000,269.7500000); //object(pier03tr_law2) (1)
CreateDynamicObject(3114,738.2000100,-1411.1000000,12.0000000,358.7500000,0.0000000,0.0000000); //object(carrier_lift2_sfse) (1)
CreateDynamicObject(3114,759.2999900,-1411.1000000,12.0000000,358.7480000,0.0000000,0.0000000); //object(carrier_lift2_sfse) (2)
CreateDynamicObject(3095,709.5000000,-1411.2000000,14.0000000,0.0000000,0.0000000,357.7500000); //object(a51_jetdoor) (1)
CreateDynamicObject(3819,700.5999800,-1391.0000000,13.4000000,0.0000000,0.0000000,89.7500000); //object(bleacher_sfsx) (1)
CreateDynamicObject(3819,709.2999900,-1391.1000000,13.4000000,0.0000000,0.0000000,89.7470000); //object(bleacher_sfsx) (2)
CreateDynamicObject(3819,718.0000000,-1391.2000000,13.4000000,0.0000000,0.0000000,89.7470000); //object(bleacher_sfsx) (3)
CreateDynamicObject(3819,726.5999800,-1391.2000000,13.4000000,0.0000000,0.0000000,89.7470000); //object(bleacher_sfsx) (4)
CreateDynamicObject(5820,712.0000000,-1426.4000000,11.0000000,0.0000000,0.0000000,86.0000000); //object(odrampbit02) (1)
CreateDynamicObject(18275,709.5999800,-1407.4000000,16.3000000,0.0000000,0.0000000,358.5000000); //object(cw2_mtbfinish) (1)
CreateDynamicObject(16092,705.7999900,-1414.2000000,6.2000000,0.0000000,0.0000000,357.7500000); //object(des_pipestrut05) (1)
CreateDynamicObject(16092,713.0000000,-1414.5000000,6.2000000,0.0000000,0.0000000,357.7480000); //object(des_pipestrut05) (2)
CreateDynamicObject(3095,709.2002000,-1420.0996000,14.0000000,0.0000000,0.0000000,357.7480000); //object(a51_jetdoor) (3)
CreateDynamicObject(2232,713.5000000,-1407.3000000,15.2000000,0.0000000,0.0000000,177.7500000); //object(med_speaker_4) (1)
CreateDynamicObject(2232,713.5000000,-1407.3000000,16.3000000,0.0000000,0.0000000,177.7480000); //object(med_speaker_4) (2)
CreateDynamicObject(2232,713.5000000,-1407.3000000,17.4000000,0.0000000,0.0000000,177.7480000); //object(med_speaker_4) (3)
CreateDynamicObject(2232,713.5000000,-1407.3000000,18.5000000,0.0000000,0.0000000,177.7480000); //object(med_speaker_4) (4)
CreateDynamicObject(2232,705.7000100,-1407.2000000,15.1000000,0.0000000,0.0000000,177.7480000); //object(med_speaker_4) (5)
CreateDynamicObject(2232,705.7000100,-1407.2000000,16.2000000,0.0000000,0.0000000,177.7480000); //object(med_speaker_4) (6)
CreateDynamicObject(2232,705.7000100,-1407.2000000,17.3000000,0.0000000,0.0000000,177.7480000); //object(med_speaker_4) (7)
CreateDynamicObject(2232,705.7000100,-1407.2000000,18.4000000,0.0000000,0.0000000,177.7480000); //object(med_speaker_4) (8)
CreateDynamicObject(2227,709.9000200,-1406.7000000,14.6000000,0.0000000,0.0000000,358.2500000); //object(swank_hi_fi_3) (1)
CreateDynamicObject(920,706.2999900,-1408.2000000,15.0000000,0.0000000,0.0000000,0.0000000); //object(y_generator) (1)
CreateDynamicObject(920,713.2000100,-1408.4000000,15.0000000,0.0000000,0.0000000,0.0000000); //object(y_generator) (2)
CreateDynamicObject(3091,647.5999800,-1407.9000000,13.0000000,0.0000000,0.0000000,270.0000000); //object(imy_track_barrier) (1)
CreateDynamicObject(7091,688.2999900,-1385.0000000,23.1000000,0.0000000,3.9990000,271.0000000); //object(vegasflag02) (2)
CreateDynamicObject(7091,738.7000100,-1385.1000000,23.1000000,0.0000000,3.9990000,271.0000000); //object(vegasflag02) (3)
CreateDynamicObject(3091,647.7000100,-1392.4000000,13.0000000,0.0000000,0.0000000,270.0000000); //object(imy_track_barrier) (2)
CreateDynamicObject(3091,787.9000200,-1393.0000000,13.0000000,0.0000000,0.0000000,88.0000000); //object(imy_track_barrier) (3)
CreateDynamicObject(3091,787.5999800,-1408.4000000,13.0000000,0.0000000,0.0000000,89.2450000); //object(imy_track_barrier) (4)
CreateDynamicObject(8331,713.4000200,-1384.3000000,16.7000000,0.0000000,0.0000000,290.7500000); //object(vgsbboardsigns18) (1)
CreateDynamicObject(970,705.2000100,-1409.6000000,15.1000000,0.0000000,0.0000000,268.0000000); //object(fencesmallb) (1)
CreateDynamicObject(970,705.0999800,-1413.8000000,15.1000000,0.0000000,0.0000000,267.9950000); //object(fencesmallb) (2)
CreateDynamicObject(970,705.0000000,-1418.0000000,15.1000000,0.0000000,0.0000000,267.9950000); //object(fencesmallb) (3)
CreateDynamicObject(970,713.7999900,-1409.9000000,15.1000000,0.0000000,0.0000000,267.9950000); //object(fencesmallb) (4)
CreateDynamicObject(970,713.5999800,-1414.0000000,15.1000000,0.0000000,0.0000000,267.9950000); //object(fencesmallb) (5)
CreateDynamicObject(970,713.5000000,-1418.2000000,15.1000000,0.0000000,0.0000000,267.9950000); //object(fencesmallb) (6)
CreateDynamicObject(2232,731.2999900,-1392.8000000,13.0000000,0.0000000,0.0000000,347.7480000); //object(med_speaker_4) (9)
CreateDynamicObject(2232,731.2999900,-1392.8000000,14.1000000,0.0000000,0.0000000,347.7450000); //object(med_speaker_4) (10)
CreateDynamicObject(2232,695.7999900,-1392.7000000,13.0000000,0.0000000,0.0000000,17.7450000); //object(med_speaker_4) (11)
CreateDynamicObject(2232,695.7999900,-1392.7000000,14.1000000,0.0000000,0.0000000,17.7430000); //object(med_speaker_4) (12)
CreateDynamicObject(1340,739.7000100,-1388.1000000,13.8000000,0.0000000,0.0000000,90.0000000); //object(chillidogcart) (1)
CreateDynamicObject(1341,686.2000100,-1388.3000000,13.6000000,0.0000000,0.0000000,90.0000000); //object(icescart_prop) (1)
CreateDynamicObject(1223,712.5996100,-1407.2998000,14.0000000,0.0000000,0.0000000,85.9950000); //object(lampost_coast) (1)
CreateDynamicObject(1223,706.5996100,-1407.2998000,14.0000000,0.0000000,0.0000000,87.9950000); //object(lampost_coast) (2)
CreateDynamicObject(2614,709.7000100,-1406.8000000,18.3000000,0.0000000,0.0000000,176.7500000); //object(cj_us_flag) (1)
CreateDynamicObject(3864,698.7000100,-1382.9000000,24.5000000,0.0000000,0.0000000,104.0000000); //object(ws_floodlight) (1)
CreateDynamicObject(3864,712.9000200,-1381.9000000,24.5000000,0.0000000,0.0000000,85.9970000); //object(ws_floodlight) (2)
CreateDynamicObject(3864,727.2999900,-1382.3000000,24.5000000,0.0000000,0.0000000,59.9950000); //object(ws_floodlight) (3)
CreateDynamicObject(8874,701.0000000,-1388.7000000,25.3000000,0.0000000,0.0000000,346.0000000); //object(vgsecnstrct13) (1)
CreateDynamicObject(8874,712.9000200,-1388.1000000,25.3000000,0.0000000,0.0000000,323.9980000); //object(vgsecnstrct13) (2)
CreateDynamicObject(8874,724.2999900,-1387.9000000,25.3000000,0.0000000,0.0000000,295.9980000); //object(vgsecnstrct13) (3)
CreateDynamicObject(1232,713.5999800,-1393.5000000,15.0000000,0.0000000,0.0000000,0.0000000); //object(streetlamp1) (1)
CreateDynamicObject(1232,704.7999900,-1393.4000000,15.0000000,0.0000000,0.0000000,0.0000000); //object(streetlamp1) (2)
CreateDynamicObject(1232,696.2999900,-1393.2000000,15.0000000,0.0000000,0.0000000,0.0000000); //object(streetlamp1) (3)
CreateDynamicObject(1232,722.2999900,-1393.5000000,15.0000000,0.0000000,0.0000000,0.0000000); //object(streetlamp1) (4)
CreateDynamicObject(1232,730.7999900,-1393.6000000,15.0000000,0.0000000,0.0000000,0.0000000); //object(streetlamp1) (5)
CreateDynamicObject(2176,715.2000100,-1408.0000000,15.2000000,0.0000000,0.0000000,0.0000000); //object(casino_light4) (1)
CreateDynamicObject(2176,704.0999800,-1407.8000000,15.2000000,0.0000000,0.0000000,0.0000000); //object(casino_light4) (2)
CreateDynamicObject(1223,712.5996100,-1407.2998000,14.0000000,0.0000000,0.0000000,85.9950000); //object(lampost_coast) (3)
CreateDynamicObject(1223,706.5996100,-1407.2998000,14.0000000,0.0000000,0.0000000,87.9950000); //object(lampost_coast) (4)
