	//.EXT LSTV
	CreateDynamicObject(3660,764.19921875,-1331.00000000,14.39999962,0.00000000,0.00000000,358.74755859); //object(lasairfbed_las) (1)
	CreateDynamicObject(3660,742.09997559,-1330.80004883,14.39999962,0.00000000,0.00000000,1.25000000); //object(lasairfbed_las) (2)
	CreateDynamicObject(1360,753.20001221,-1330.50000000,13.30000019,0.00000000,0.00000000,90.00000000); //object(cj_bush_prop3) (1)
	CreateDynamicObject(1360,753.20001221,-1331.50000000,13.30000019,0.00000000,0.00000000,90.00000000); //object(cj_bush_prop3) (2)
	CreateDynamicObject(982,746.20001221,-1332.30004883,13.19999981,0.00000000,0.00000000,90.50000000); //object(fenceshit) (1)
	CreateDynamicObject(984,765.50000000,-1332.40002441,13.19999981,0.00000000,0.00000000,88.75000000); //object(fenceshit2) (2)
	CreateDynamicObject(982,781.90002441,-1343.50000000,13.19999981,0.00000000,0.00000000,0.00000000); //object(fenceshit) (2)
	CreateDynamicObject(982,781.90002441,-1369.09997559,13.19999981,0.00000000,0.00000000,0.00000000); //object(fenceshit) (3)
	CreateDynamicObject(3509,784.39941406,-1379.00000000,12.60000038,0.00000000,0.00000000,0.00000000); //object(vgsn_nitree_r01) (2)
	CreateDynamicObject(3509,784.50000000,-1368.00000000,12.60000038,0.00000000,0.00000000,0.00000000); //object(vgsn_nitree_r01) (3)
	CreateDynamicObject(3509,784.79980469,-1358.00000000,12.60000038,0.00000000,0.00000000,0.00000000); //object(vgsn_nitree_r01) (4)
	CreateDynamicObject(3509,784.59960938,-1347.50000000,12.60000038,0.00000000,0.00000000,0.00000000); //object(vgsn_nitree_r01) (5)
	CreateDynamicObject(3509,784.40002441,-1337.00000000,12.60000038,0.00000000,0.00000000,0.00000000); //object(vgsn_nitree_r01) (6)
	CreateDynamicObject(3472,783.09997559,-1343.50000000,7.30000019,0.00000000,0.00000000,90.00000000); //object(circuslampost03) (1)
	CreateDynamicObject(3472,783.79980469,-1353.50000000,7.30000019,0.00000000,0.00000000,90.00000000); //object(circuslampost03) (2)
	CreateDynamicObject(3472,783.79980469,-1362.79980469,7.30000019,0.00000000,0.00000000,90.00000000); //object(circuslampost03) (3)
	CreateDynamicObject(3472,783.79998779,-1373.59997559,7.30000019,0.00000000,0.00000000,90.00000000); //object(circuslampost03) (4)
	CreateDynamicObject(3508,759.90002441,-1331.50000000,13.00000000,0.00000000,0.00000000,0.00000000); //object(vgsn_nitree_g02) (2)
	CreateDynamicObject(3508,771.40002441,-1331.69995117,13.00000000,0.00000000,0.00000000,0.00000000); //object(vgsn_nitree_g02) (3)
	CreateDynamicObject(3508,765.70001221,-1331.59997559,13.00000000,0.00000000,0.00000000,0.00000000); //object(vgsn_nitree_g02) (4)
	CreateDynamicObject(3508,755.20001221,-1331.40002441,13.00000000,0.00000000,0.00000000,0.00000000); //object(vgsn_nitree_g02) (5)
	CreateDynamicObject(3508,750.00000000,-1331.30004883,13.00000000,0.00000000,0.00000000,0.00000000); //object(vgsn_nitree_g02) (6)
	CreateDynamicObject(3508,744.00000000,-1331.19995117,13.00000000,0.00000000,0.00000000,0.00000000); //object(vgsn_nitree_g02) (7)
	CreateDynamicObject(3508,738.79998779,-1331.09997559,13.00000000,0.00000000,0.00000000,0.00000000); //object(vgsn_nitree_g02) (8)
	CreateDynamicObject(3508,734.29998779,-1331.00000000,13.00000000,0.00000000,0.00000000,0.00000000); //object(vgsn_nitree_g02) (9)
	CreateDynamicObject(3472,768.20001221,-1332.19995117,7.30000019,0.00000000,0.00000000,90.00000000); //object(circuslampost03) (5)
	CreateDynamicObject(3472,757.70001221,-1331.69995117,7.30000019,0.00000000,0.00000000,90.00000000); //object(circuslampost03) (6)
	CreateDynamicObject(3472,747.20001221,-1331.59997559,7.30000019,0.00000000,0.00000000,90.00000000); //object(circuslampost03) (7)
	CreateDynamicObject(3472,741.50000000,-1331.89941406,7.30000019,0.00000000,0.00000000,90.00000000); //object(circuslampost03) (8)
	CreateDynamicObject(5837,771.20001221,-1379.09997559,14.19999981,0.00000000,0.00000000,270.00000000); //object(ci_guardhouse1) (1)
	CreateDynamicObject(1251,757.70001221,-1335.40002441,12.60000038,0.00000000,0.00000000,270.00000000); //object(smashbar) (1)
	CreateDynamicObject(984,754.20001221,-1338.59997559,13.19999981,0.00000000,0.00000000,0.00000000); //object(fenceshit2) (3)
	CreateDynamicObject(1251,757.70001221,-1338.59997559,12.60000038,0.00000000,0.00000000,270.00000000); //object(smashbar) (2)
	CreateDynamicObject(1251,757.70001221,-1341.80004883,12.60000038,0.00000000,0.00000000,270.00000000); //object(smashbar) (3)
	CreateDynamicObject(1251,757.70001221,-1345.00000000,12.60000038,0.00000000,0.00000000,270.00000000); //object(smashbar) (4)
	CreateDynamicObject(1251,757.59997559,-1332.30004883,12.60000038,0.00000000,0.00000000,270.00000000); //object(smashbar) (5)
	CreateDynamicObject(1251,750.70001221,-1345.00000000,12.60000038,0.00000000,0.00000000,270.00000000); //object(smashbar) (6)
	CreateDynamicObject(1251,750.70001221,-1341.80004883,12.60000038,0.00000000,0.00000000,270.00000000); //object(smashbar) (7)
	CreateDynamicObject(1251,750.70001221,-1336.90002441,12.60000038,0.00000000,0.00000000,270.00000000); //object(smashbar) (9)
	CreateDynamicObject(1251,750.70001221,-1332.30004883,12.60000038,0.00000000,0.00000000,270.00000000); //object(smashbar) (10)
	CreateDynamicObject(1251,734.40002441,-1335.90002441,12.60000038,0.00000000,0.00000000,0.00000000); //object(smashbar) (11)
	CreateDynamicObject(1251,738.20001221,-1335.90002441,12.60000038,0.00000000,0.00000000,0.00000000); //object(smashbar) (12)
	CreateDynamicObject(1251,741.39941406,-1335.89941406,12.60000038,0.00000000,0.00000000,0.00000000); //object(smashbar) (13)
	CreateDynamicObject(2924,754.79998779,-1383.09997559,13.89999962,0.00000000,0.00000000,90.00000000); //object(kmb_crash3door) (1)
	CreateDynamicObject(10150,754.50000000,-1382.09960938,26.70000076,0.00000000,0.00000000,0.00000000); //object(fdorsfe) (1)
	CreateDynamicObject(10150,750.40002441,-1382.19995117,26.70000076,0.00000000,0.00000000,0.00000000); //object(fdorsfe) (2)
	CreateDynamicObject(10150,752.40002441,-1380.09997559,26.70000076,0.00000000,0.00000000,90.00000000); //object(fdorsfe) (3)
	CreateDynamicObject(10150,752.50000000,-1384.19995117,26.70000076,0.00000000,0.00000000,90.00000000); //object(fdorsfe) (4)
	CreateDynamicObject(10150,752.40002441,-1382.19995117,28.70000076,0.00000000,90.00000000,0.00000000); //object(fdorsfe) (5)
	CreateDynamicObject(2924,750.29998779,-1382.69995117,25.89999962,0.00000000,0.00000000,90.00000000); //object(kmb_crash3door) (2)
	CreateDynamicObject(3660,782.70001221,-1340.30004883,14.39999962,0.00000000,0.00000000,90.00000000); //object(lasairfbed_las) (1)
	CreateDynamicObject(3660,785.20001221,-1340.30004883,14.39999962,0.00000000,0.00000000,270.00000000); //object(lasairfbed_las) (1)
	CreateDynamicObject(3660,785.20001221,-1359.90002441,14.39999962,0.00000000,0.00000000,270.00000000); //object(lasairfbed_las) (1)
	CreateDynamicObject(3660,782.70001221,-1359.90002441,14.39999962,0.00000000,0.00000000,90.00000000); //object(lasairfbed_las) (1)
	CreateDynamicObject(3660,783.20001221,-1374.90002441,14.39999962,0.00000000,0.00000000,270.00000000); //object(lasairfbed_las) (1)
	CreateDynamicObject(3660,784.29998779,-1290.19995117,14.39999962,0.00000000,0.00000000,270.00000000); //object(lasairfbed_las) (1)
	CreateDynamicObject(3660,784.50000000,-1375.19995117,14.39999962,0.00000000,0.00000000,90.00000000); //object(lasairfbed_las) (1)
	CreateDynamicObject(7952,734.09997559,-1328.90002441,13.30000019,0.00000000,0.00000000,90.00000000); //object(miragehedge09) (1)
	CreateDynamicObject(7952,691.70001221,-1328.80004883,13.30000019,0.00000000,0.00000000,90.00000000); //object(miragehedge09) (2)
	CreateDynamicObject(982,761.20001221,-1327.80004883,13.19999981,0.00000000,0.00000000,90.00000000); //object(fenceshit) (4)
	CreateDynamicObject(982,735.59997559,-1327.80004883,13.19999981,0.00000000,0.00000000,90.00000000); //object(fenceshit) (5)
	CreateDynamicObject(982,710.00000000,-1327.80004883,13.19999981,0.00000000,0.00000000,90.00000000); //object(fenceshit) (6)
	CreateDynamicObject(982,684.40002441,-1327.80004883,13.19999981,0.00000000,0.00000000,90.00000000); //object(fenceshit) (7)
	CreateDynamicObject(982,660.40002441,-1327.80004883,13.19999981,0.00000000,0.00000000,90.00000000); //object(fenceshit) (8)
	CreateDynamicObject(3472,721.50000000,-1329.90002441,7.30000019,0.00000000,0.00000000,270.00000000); //object(circuslampost03) (8)
	CreateDynamicObject(3472,698.90002441,-1329.80004883,7.30000019,0.00000000,0.00000000,270.00000000); //object(circuslampost03) (8)
	CreateDynamicObject(3472,678.40002441,-1330.00000000,7.30000019,0.00000000,0.00000000,270.00000000); //object(circuslampost03) (8)
	CreateDynamicObject(3472,657.79998779,-1329.59997559,7.30000019,0.00000000,0.00000000,270.00000000); //object(circuslampost03) (8)
	CreateDynamicObject(16613,-239.00000000,1783.09997559,99.09999847,0.00000000,0.00000000,44.99450684); //object(des_bigtelescope) (1)
	CreateDynamicObject(3763,721.50000000,-1372.59997559,61.29999924,0.00000000,0.00000000,0.00000000); //object(ce_radarmast3) (1)
	CreateDynamicObject(14537,757.00000000,-1364.90002441,14.50000000,0.00000000,0.00000000,0.00000000); //object(pdomesbar) (1)
	CreateDynamicObject(1594,762.09997559,-1371.80004883,13.00000000,0.00000000,0.00000000,0.00000000); //object(chairsntable) (1)
	CreateDynamicObject(1594,765.00000000,-1368.19995117,13.00000000,0.00000000,0.00000000,0.00000000); //object(chairsntable) (2)
	CreateDynamicObject(1594,765.00000000,-1361.40002441,13.00000000,0.00000000,0.00000000,0.00000000); //object(chairsntable) (4)
	CreateDynamicObject(1594,765.90002441,-1364.19995117,13.00000000,0.00000000,0.00000000,0.00000000); //object(chairsntable) (5)
	CreateDynamicObject(1594,763.20001221,-1357.80004883,13.00000000,0.00000000,0.00000000,0.00000000); //object(chairsntable) (8)
	CreateDynamicObject(1670,762.20001221,-1371.90002441,13.39999962,0.00000000,0.00000000,0.00000000); //object(propcollecttable) (1)
	CreateDynamicObject(1670,765.00000000,-1368.30004883,13.39999962,0.00000000,0.00000000,0.00000000); //object(propcollecttable) (2)
	CreateDynamicObject(1670,765.79998779,-1364.40002441,13.39999962,0.00000000,0.00000000,0.00000000); //object(propcollecttable) (3)
	CreateDynamicObject(1670,764.90002441,-1361.50000000,13.39999962,0.00000000,0.00000000,0.00000000); //object(propcollecttable) (4)
	CreateDynamicObject(1670,763.20001221,-1358.00000000,13.39999962,0.00000000,0.00000000,0.00000000); //object(propcollecttable) (5)
	CreateDynamicObject(2008,770.79998779,-1377.09997559,12.80000019,0.00000000,0.00000000,0.00000000); //object(officedesk1) (1)
	CreateDynamicObject(3851,647.50000000,-1377.59997559,14.80000019,0.00000000,0.00000000,0.00000000); //object(carshowwin_sfsx) (1)
	CreateDynamicObject(3851,647.50000000,-1377.59997559,18.79999924,0.00000000,0.00000000,0.00000000); //object(carshowwin_sfsx) (3)
	CreateDynamicObject(3851,647.40002441,-1372.00000000,14.80000019,0.00000000,0.00000000,0.00000000); //object(carshowwin_sfsx) (4)
	CreateDynamicObject(3851,647.50000000,-1366.30004883,18.70000076,0.00000000,0.00000000,0.00000000); //object(carshowwin_sfsx) (5)
	CreateDynamicObject(3851,647.50000000,-1355.00000000,18.70000076,0.00000000,0.00000000,0.00000000); //object(carshowwin_sfsx) (6)
	CreateDynamicObject(3851,647.70001221,-1334.80004883,18.70000076,0.00000000,0.00000000,0.00000000); //object(carshowwin_sfsx) (7)
	CreateDynamicObject(3851,647.70001221,-1346.00000000,18.70000076,0.00000000,0.00000000,359.75000000); //object(carshowwin_sfsx) (8)
	CreateDynamicObject(3851,647.70001221,-1334.80004883,14.69999981,0.00000000,0.00000000,0.00000000); //object(carshowwin_sfsx) (9)
	CreateDynamicObject(3851,647.70001221,-1343.19995117,14.69999981,0.00000000,0.00000000,359.75000000); //object(carshowwin_sfsx) (10)
	CreateDynamicObject(1597,645.29998779,-1338.69995117,15.10000038,0.00000000,0.00000000,0.00000000); //object(cntrlrsac1) (1)
	CreateDynamicObject(1597,646.00000000,-1377.30004883,15.19999981,0.00000000,0.00000000,0.00000000); //object(cntrlrsac1) (2)
	CreateDynamicObject(10150,754.59997559,-1382.50000000,14.69999981,0.00000000,0.00000000,0.00000000); //object(fdorsfe) (1)
	CreateDynamicObject(10150,754.70001221,-1382.80004883,14.60000038,0.00000000,0.00000000,0.00000000); //object(fdorsfe) (1)
	CreateDynamicObject(1318,754.70001221,-1382.30004883,14.30000019,0.00000000,0.00000000,0.00000000); //object(arrow) (1)
	CreateDynamicObject(1318,754.70001221,-1382.30004883,15.50000000,0.00000000,180.00000000,0.00000000); //object(arrow) (2)
	CreateDynamicObject(3934,744.20001221,-1364.19995117,24.70000076,0.00000000,0.00000000,0.00000000); //object(helipad01) (1)
	CreateDynamicObject(3934,737.59997559,-1375.59997559,24.70000076,0.00000000,0.00000000,0.00000000); //object(helipad01) (2)
