CreateDynamicObject(19462, 951.89478, -942.40540, 41.01250,   0.00000, 0.00000, -87.06000);
CreateDynamicObject(19462, 942.29559, -942.97290, 41.01250,   0.00000, 0.00000, -85.92003);
CreateDynamicObject(19462, 972.79987, -942.79364, 41.01250,   0.00000, 0.00000, -92.70002);
CreateDynamicObject(19462, 971.01086, -942.71027, 41.01250,   0.00000, 0.00000, -92.70002);
CreateDynamicObject(983, 953.44098, -942.31897, 43.43070,   0.00000, 0.00000, -86.94000);
CreateDynamicObject(983, 947.06824, -942.65912, 43.43070,   0.00000, 0.00000, -86.94000);
CreateDynamicObject(983, 974.34540, -942.87122, 43.43070,   0.00000, 0.00000, -92.94000);
CreateDynamicObject(983, 969.56421, -942.61230, 43.43070,   0.00000, 0.00000, -92.94000);
CreateDynamicObject(983, 977.74683, -939.84961, 43.15070,   -6.26000, 0.00000, -184.08000);
CreateDynamicObject(983, 978.29828, -933.51086, 43.83070,   -6.26000, 0.00000, -185.75998);
CreateDynamicObject(983, 978.00000, 5122.00000, -927.00000,   -6.00000, 2600.00000, 0.00000);
CreateDynamicObject(9482, 961.45032, -942.35962, 43.95300,   0.00000, 0.00000, -90.72000);
CreateDynamicObject(1568, 969.67987, -912.71112, 44.54690,   0.00000, 0.00000, 0.00000);
CreateDynamicObject(948, 949.50916, -909.75104, 44.76572,   0.00000, 0.00000, 0.00000);
CreateDynamicObject(19377, 961.57489, -917.06409, 44.76470,   0.00000, 0.00000, 3.84000);
CreateDynamicObject(19377, 977.86963, -916.05902, 44.76470,   0.00000, 0.00000, 3.90000);
CreateDynamicObject(19377, 973.95178, -928.32861, 44.76470,   0.00000, 0.00000, -86.10000);
CreateDynamicObject(19377, 967.14172, -928.79950, 44.76470,   0.00000, 0.00000, -86.10000);
CreateDynamicObject(19377, 972.68896, -911.54321, 44.76469,   0.00000, 0.00000, -86.10001);
CreateDynamicObject(19377, 969.33820, -911.80164, 44.76469,   0.00000, 0.00000, -86.10001);
CreateDynamicObject(2773, 951.12323, -910.46674, 45.27797,   0.00000, 0.00000, 0.00000);
CreateDynamicObject(2773, 953.60321, -910.44672, 45.27800,   0.00000, 0.00000, 0.00000);
CreateDynamicObject(3578, 950.94458, -930.92078, 41.00220,   0.00000, 0.00000, 0.00000);
CreateDynamicObject(19377, 956.30334, -908.12976, 44.76469,   0.00000, 0.00000, 183.24014);
CreateDynamicObject(983, 978.58795, -927.16254, 44.55070,   -6.26000, 0.00000, -178.92003);
CreateDynamicObject(983, 956.47491, -938.94781, 43.45070,   0.00000, -360.00000, -177.24001);
CreateDynamicObject(983, 956.17200, -933.08118, 43.45070,   0.00000, -360.00000, -177.24001);
CreateDynamicObject(948, 954.95837, -909.40393, 44.76572,   0.00000, 0.00000, 0.00000);
CreateDynamicObject(16151, 977.14429, -922.76654, 45.08740,   0.00000, 0.00000, 3.84000);
CreateDynamicObject(1665, 976.10614, -920.58099, 45.73080,   0.00000, 0.00000, 0.00000);
CreateDynamicObject(1665, 976.23053, -922.94891, 45.73080,   0.00000, 0.00000, 0.00000);
CreateDynamicObject(2964, 967.55878, -926.85266, 44.71700,   0.00000, 0.00000, -83.52000);
CreateDynamicObject(338, 967.31958, -925.72498, 45.07110,   360.00000, 360.00000, 0.00000);
CreateDynamicObject(3004, 967.19617, -927.72864, 45.65320,   -3.00000, 0.00000, 0.00000);
CreateDynamicObject(948, 973.82233, -911.99738, 44.76572,   0.00000, 0.00000, 0.00000);
CreateDynamicObject(948, 977.69873, -927.48755, 44.76572,   0.00000, 0.00000, 0.00000);
CreateDynamicObject(1895, 977.49829, -914.14655, 47.59430,   0.00000, 0.00000, -86.10001);
CreateDynamicObject(2188, 963.15247, -920.77313, 45.35972,   0.00000, 0.00000, -265.92038);
CreateDynamicObject(19379, 967.27112, -923.95685, 49.94440,   0.00000, -90.00000, 3.84000);
CreateDynamicObject(19379, 966.77802, -916.54303, 49.96440,   0.00000, -90.00000, 3.84000);
CreateDynamicObject(19379, 972.60132, -916.29688, 49.92440,   0.00000, -90.00000, 3.84000);
CreateDynamicObject(19379, 973.18170, -923.61969, 49.98440,   0.00000, -90.00000, 3.84000);
CreateDynamicObject(19377, 966.07330, -912.00928, 44.76470,   0.00000, 0.00000, -86.10000);
CreateDynamicObject(19377, 961.00000, 9302.00000, -921.00000,   0.00000, 0.00000, 0.00000);
CreateDynamicObject(19388, 962.36627, -927.59741, 46.50820,   -0.04000, 0.00000, 3.96000);
CreateDynamicObject(1649, 1086.66272, -930.35999, 68.51973,   0.00000, 0.00000, 0.00000);
CreateDynamicObject(3034, 962.28137, -927.24420, 49.04936,   0.00000, 0.00000, -86.10001);
CreateDynamicObject(3034, 962.42645, -927.28656, 49.04936,   0.00000, 0.00000, -265.92010);
CreateDynamicObject(1502, 962.45490, -928.36517, 44.75130,   0.00000, 0.00000, 93.60000);
CreateDynamicObject(19377, 978.37329, -923.24823, 44.76470,   0.00000, 0.00000, 3.90000);
CreateDynamicObject(2773, 976.53381, -915.33575, 45.33352,   0.00000, 0.00000, -85.93999);
CreateDynamicObject(2773, 976.41803, -913.14355, 45.33352,   0.00000, 0.00000, -85.93999);
CreateDynamicObject(2773, 974.19507, -915.51190, 45.33352,   0.00000, 0.00000, -85.93999);
CreateDynamicObject(2773, 974.09955, -913.27246, 45.33352,   0.00000, 0.00000, -85.93999);
CreateDynamicObject(19388, 958.24957, -912.43683, 46.50820,   -0.04000, 0.00000, 93.96000);
CreateDynamicObject(19435, 960.40161, -912.32880, 46.49350,   0.00000, 0.00000, -87.60000);
CreateDynamicObject(19379, 959.17731, -908.11279, 44.68440,   0.00000, -90.00000, 3.84000);
CreateDynamicObject(19379, 948.73590, -908.79425, 44.68440,   0.00000, -90.00000, 3.84000);
CreateDynamicObject(19379, 958.52972, -898.51453, 44.68440,   0.00000, -90.00000, 3.84000);
CreateDynamicObject(19377, 958.70782, -895.18610, 43.00470,   0.00000, 0.00000, -86.10000);
CreateDynamicObject(19377, 964.32257, -907.31592, 43.00470,   0.00000, 0.00000, 3.90000);
CreateDynamicObject(19377, 963.69031, -897.98657, 43.00470,   0.00000, 0.00000, 3.90000);
CreateDynamicObject(19379, 961.59259, -907.30450, 48.18440,   0.00000, -90.00000, 3.84000);
CreateDynamicObject(19379, 958.44611, -897.84088, 48.18440,   0.00000, -90.00000, 3.84000);
CreateDynamicObject(1502, 958.99542, -912.37097, 44.75130,   0.00000, 0.00000, 182.94000);
CreateDynamicObject(19377, 961.87012, -921.32428, 44.76470,   0.00000, 0.00000, 3.84000);
CreateDynamicObject(1704, 968.28430, -917.21332, 44.76940,   0.00000, 0.00000, 0.00000);
CreateDynamicObject(1704, 967.16431, -917.21332, 44.76940,   0.00000, 0.00000, 0.00000);
CreateDynamicObject(1704, 969.40430, -917.21332, 44.76940,   0.00000, 0.00000, 0.00000);
CreateDynamicObject(1704, 971.39838, -921.30750, 44.76940,   0.00000, 0.00000, -181.37990);
CreateDynamicObject(1704, 970.54431, -917.21332, 44.76940,   0.00000, 0.00000, 0.00000);
CreateDynamicObject(1704, 970.27838, -921.28748, 44.76940,   0.00000, 0.00000, -181.37990);
CreateDynamicObject(1704, 969.17841, -921.26752, 44.76940,   0.00000, 0.00000, -181.37990);
CreateDynamicObject(1704, 968.05841, -921.24750, 44.76940,   0.00000, 0.00000, -181.37990);
CreateDynamicObject(1824, 963.29858, -914.93011, 45.25040,   0.00000, 0.00000, -86.88000);
CreateDynamicObject(1827, 968.21204, -919.18896, 44.71070,   0.00000, 0.00000, 0.00000);
CreateDynamicObject(1827, 971.34192, -919.33063, 44.71070,   0.00000, 0.00000, 0.00000);
CreateDynamicObject(1824, 972.77271, -926.74237, 45.25040,   0.00000, 0.00000, -173.45993);
CreateDynamicObject(19377, 956.17944, -903.72992, 43.00470,   0.00000, 0.00000, 3.78000);
CreateDynamicObject(19377, 955.54333, -894.27374, 43.00470,   0.00000, 0.00000, 3.78000);
CreateDynamicObject(2629, 956.39221, -896.52716, 44.77052,   0.00000, 0.00000, 3.48000);
CreateDynamicObject(2630, 958.63324, -896.51379, 44.75160,   0.00000, 0.00000, 0.00000);
CreateDynamicObject(2627, 960.77539, -896.23553, 44.77077,   0.00000, 0.00000, 0.00000);
CreateDynamicObject(2628, 962.88092, -895.92303, 44.77057,   0.00000, 0.00000, 0.00000);
CreateDynamicObject(1943, 959.42188, -895.25061, 46.82270,   0.00000, 0.00000, 0.00000);
CreateDynamicObject(1943, 957.94189, -895.35059, 46.82270,   0.00000, 0.00000, 0.00000);
CreateDynamicObject(1943, 961.61676, -895.09631, 46.82270,   0.00000, 0.00000, 0.00000);
CreateDynamicObject(14791, 959.58728, -901.63013, 45.90580,   0.00000, 0.00000, 0.00000);
CreateDynamicObject(1985, 963.19073, -910.56927, 48.14300,   0.00000, 0.00000, 0.00000);