		CreateDynamicObject(17324, 2565.90576, -1393.23450, 1059.95605,   0.00000, 0.00000, 0.00000);
		CreateDynamicObject(17324, 2565.92725, -1393.19519, 1061.89612,   0.00000, 0.00000, 0.00000);
		CreateDynamicObject(17324, 2565.92725, -1393.19519, 1063.81604,   0.00000, 0.00000, 0.00000);
		CreateDynamicObject(17324, 2565.92725, -1393.19519, 1065.73608,   0.00000, 0.00000, 0.00000);
		CreateDynamicObject(17324, 2555.90405, -1412.28821, 1059.95605,   0.00000, 0.00000, -90.78002);
		CreateDynamicObject(17324, 2555.90405, -1412.28821, 1061.85596,   0.00000, 0.00000, -90.78000);
		CreateDynamicObject(17324, 2555.90405, -1412.28821, 1063.77612,   0.00000, 0.00000, -90.78000);
		CreateDynamicObject(17324, 2555.90405, -1412.28821, 1065.71606,   0.00000, 0.00000, -90.78000);
		CreateDynamicObject(17324, 2537.15698, -1394.71814, 1059.95605,   0.00000, 0.00000, 0.00000);
		CreateDynamicObject(17324, 2537.15698, -1394.71814, 1061.87610,   0.00000, 0.00000, 0.00000);
		CreateDynamicObject(17324, 2537.15649, -1394.73804, 1063.77612,   0.00000, 0.00000, 0.00000);
		CreateDynamicObject(17324, 2537.14673, -1394.73535, 1065.69604,   0.00000, 0.00000, 0.00000);
		CreateDynamicObject(17324, 2551.30054, -1386.12891, 1059.97607,   0.00000, 0.00000, -90.78000);
		CreateDynamicObject(17324, 2551.10620, -1386.12891, 1061.91614,   0.00000, 0.00000, -90.78000);
		CreateDynamicObject(17324, 2551.10620, -1386.12891, 1063.83606,   0.00000, 0.00000, -90.78000);
		CreateDynamicObject(17324, 2551.10620, -1386.12891, 1065.71606,   0.00000, 0.00000, -90.78000);
		CreateDynamicObject(14412, 2551.01514, -1396.57373, 1069.50122,   0.00000, 0.00000, 0.00000);
		CreateDynamicObject(17324, 2555.90405, -1412.28821, 1067.61609,   0.00000, 0.00000, -90.78000);
		CreateDynamicObject(17324, 2555.92407, -1412.28821, 1069.49609,   0.00000, 0.00000, -90.78000);
		CreateDynamicObject(17324, 2565.92725, -1393.19519, 1067.57605,   0.00000, 0.00000, 0.00000);
		CreateDynamicObject(17324, 2565.92725, -1393.19519, 1069.47607,   0.00000, 0.00000, 0.00000);
		CreateDynamicObject(17324, 2550.82910, -1386.12891, 1067.57605,   0.00000, 0.00000, -90.78000);
		CreateDynamicObject(17324, 2551.13794, -1386.12891, 1069.43604,   -0.02000, 0.00000, -90.78000);
		CreateDynamicObject(17324, 2537.14673, -1394.73535, 1067.61609,   0.00000, 0.00000, 0.00000);
		CreateDynamicObject(17324, 2537.14673, -1394.73535, 1069.51611,   0.00000, 0.00000, 0.00000);
		CreateDynamicObject(2284, 2554.68604, -1393.85120, 1063.52405,   0.00000, 0.00000, 359.37781);
		CreateDynamicObject(2286, 2552.00464, -1393.38708, 1063.97009,   0.00000, 0.00000, 0.00000);
		CreateDynamicObject(2287, 2549.76025, -1393.78625, 1063.65698,   0.00000, 0.00000, 0.00000);
		CreateDynamicObject(2289, 2547.02783, -1393.31995, 1063.96704,   0.00000, 0.00000, -0.78000);
		CreateDynamicObject(2008, 2548.52808, -1395.43311, 1060.15027,   0.00000, 0.00000, -179.63977);
		CreateDynamicObject(2164, 2557.42700, -1393.46155, 1060.15320,   0.00000, 0.00000, -0.71994);
		CreateDynamicObject(2164, 2555.68604, -1393.40308, 1060.15320,   0.00000, 0.00000, -0.71994);
		CreateDynamicObject(2164, 2553.94238, -1393.38452, 1060.15320,   0.00000, 0.00000, -0.71994);
		CreateDynamicObject(2164, 2552.20093, -1393.41418, 1060.15320,   0.00000, 0.00000, -0.71994);
		CreateDynamicObject(2164, 2550.43945, -1393.39417, 1060.15320,   0.00000, 0.00000, -0.71994);
		CreateDynamicObject(2356, 2547.66528, -1394.14526, 1060.15308,   0.00000, 0.00000, -180.35994);
		CreateDynamicObject(1808, 2544.62402, -1393.50415, 1060.11035,   0.00000, 0.00000, 38.52000);
		CreateDynamicObject(1828, 2551.01343, -1404.10632, 1060.13501,   0.00000, 0.00000, -89.10000);
		CreateDynamicObject(1557, 2549.59937, -1405.03772, 1060.11145,   0.00000, 0.00000, -0.78000);
		CreateDynamicObject(1557, 2552.58813, -1405.09009, 1060.11145,   0.00000, 0.00000, -180.95990);
		CreateDynamicObject(2202, 2546.53467, -1395.54077, 1060.11121,   0.00000, 0.00000, -180.35980);
		CreateDynamicObject(2239, 2549.49438, -1395.75647, 1060.15173,   0.00000, 0.00000, 0.00000);
		CreateDynamicObject(1742, 2558.84937, -1395.85034, 1060.12329,   0.00000, 0.00000, -90.30000);
		CreateDynamicObject(1742, 2558.84937, -1397.27026, 1060.12329,   0.00000, 0.00000, -90.30000);
		CreateDynamicObject(1742, 2558.84937, -1398.71033, 1060.12329,   0.00000, 0.00000, -90.30000);
		CreateDynamicObject(1742, 2558.84937, -1400.17029, 1060.12329,   0.00000, 0.00000, -90.30000);
		CreateDynamicObject(1742, 2558.84937, -1401.63025, 1060.12329,   0.00000, 0.00000, -90.30000);
		CreateDynamicObject(1742, 2558.84937, -1403.05029, 1060.12329,   0.00000, 0.00000, -90.30000);
		CreateDynamicObject(1742, 2558.84937, -1404.47034, 1060.12329,   0.00000, 0.00000, -90.30000);
		CreateDynamicObject(1742, 2558.84937, -1394.47034, 1060.12329,   0.00000, 0.00000, -90.30000);
		CreateDynamicObject(2067, 2548.73486, -1393.50574, 1060.11316,   0.00000, 0.00000, 0.00000);
		CreateDynamicObject(2067, 2548.15430, -1393.51111, 1060.11316,   0.00000, 0.00000, 0.00000);
		CreateDynamicObject(2067, 2547.57373, -1393.50879, 1060.11316,   0.00000, 0.00000, 0.00000);
		CreateDynamicObject(2067, 2549.29614, -1393.48621, 1060.11316,   0.00000, 0.00000, 0.00000);
		CreateDynamicObject(2199, 2544.39575, -1398.31482, 1060.10791,   0.00000, 0.00000, 90.40390);
		CreateDynamicObject(2199, 2544.41040, -1399.67737, 1060.10791,   0.00000, 0.00000, 90.40390);
		CreateDynamicObject(2199, 2544.40332, -1401.03760, 1060.10791,   0.00000, 0.00000, 90.40390);
		CreateDynamicObject(2199, 2544.41968, -1402.37793, 1060.10791,   0.00000, 0.00000, 90.40390);
		CreateDynamicObject(2199, 2544.42627, -1403.73706, 1060.10791,   0.00000, 0.00000, 90.40390);
		CreateDynamicObject(1720, 2548.48340, -1396.96033, 1060.11279,   0.00000, 0.00000, -178.85980);
		CreateDynamicObject(1720, 2547.57715, -1396.98865, 1060.11279,   0.00000, 0.00000, -178.85980);
		CreateDynamicObject(2008, 2554.11890, -1395.30200, 1060.15027,   0.00000, 0.00000, -179.63977);
		CreateDynamicObject(2356, 2553.70483, -1394.05225, 1060.15308,   0.00000, 0.00000, -180.35994);
		CreateDynamicObject(2239, 2555.47144, -1395.58716, 1060.15173,   0.00000, 0.00000, 0.00000);
		CreateDynamicObject(2202, 2552.37451, -1395.35022, 1060.11121,   0.00000, 0.00000, -180.35980);
		CreateDynamicObject(2571, 2553.03198, -1398.92590, 1060.15222,   0.00000, 0.00000, 0.00000);
		CreateDynamicObject(2571, 2555.97485, -1400.79260, 1060.15222,   0.00000, 0.00000, -186.54001);