RemoveBuildingForPlayer(playerid, 1307, 2071.8828, -1879.5625, 12.6875, 0.25);
CreateDynamicObject(8674, 2062.27710, -1863.24963, 13.97546,   0.00000, 0.00000, 0.00000);
CreateDynamicObject(3749, 2069.58398, -1872.97266, 18.12891,   0.00000, 0.00000, -90.12000);
CreateDynamicObject(8674, 2062.27710, -1863.24963, 16.85798,   0.00000, 0.00000, 0.00000);
CreateDynamicObject(8674, 2071.59009, -1887.81384, 13.97546,   0.00000, 0.00000, -89.99994);
CreateDynamicObject(8674, 2071.59009, -1887.81384, 15.37504,   0.00000, 0.00000, -89.99994);
CreateDynamicObject(8674, 2051.94897, -1863.24817, 13.97550,   0.00000, 0.00000, 0.00000);
CreateDynamicObject(8674, 2041.64185, -1863.23938, 13.97550,   0.00000, 0.00000, 0.00000);
CreateDynamicObject(8674, 2031.30676, -1863.24207, 13.97550,   0.00000, 0.00000, 0.00000);
CreateDynamicObject(8674, 2020.98633, -1863.26099, 13.97550,   0.00000, 0.00000, 0.00000);
CreateDynamicObject(8674, 2010.67041, -1863.26135, 13.97550,   0.00000, 0.00000, 0.00000);
CreateDynamicObject(8674, 2000.37988, -1863.25940, 13.97550,   0.00000, 0.00000, 0.00000);
CreateDynamicObject(8674, 1998.44312, -1863.23755, 13.97550,   0.00000, 0.00000, 0.00000);
CreateDynamicObject(8674, 1993.98962, -1864.38611, 10.23550,   -360.00000, 88.00000, -240.24001);
CreateDynamicObject(8674, 1998.41418, -1869.43250, 13.89550,   0.00000, 0.00000, -45.18000);
CreateDynamicObject(8674, 1998.41418, -1869.43250, 16.85550,   0.00000, 0.00000, -45.18000);
CreateDynamicObject(8674, 1993.98962, -1864.38611, 13.19550,   -360.00000, 88.00000, -240.24001);
CreateDynamicObject(8674, 1998.44312, -1863.23755, 16.85550,   0.00000, 0.00000, 0.00000);
CreateDynamicObject(8674, 2005.71362, -1876.76636, 13.89550,   0.00000, 0.00000, -45.18000);
CreateDynamicObject(8674, 2012.98999, -1884.07178, 13.89550,   0.00000, 0.00000, -45.18000);
CreateDynamicObject(8674, 2020.22290, -1891.35742, 13.89550,   0.00000, 0.00000, -45.18000);
CreateDynamicObject(8674, 2028.77344, -1893.51563, 13.89550,   0.00000, 0.00000, 17.58000);
CreateDynamicObject(8674, 2005.71362, -1876.76636, 16.85550,   0.00000, 0.00000, -45.18000);
CreateDynamicObject(8674, 2012.98999, -1884.07178, 16.85550,   0.00000, 0.00000, -45.18000);
CreateDynamicObject(8674, 2020.22290, -1891.35742, 16.85550,   0.00000, 0.00000, -45.18000);
CreateDynamicObject(8674, 2028.77344, -1893.51563, 16.85550,   0.00000, 0.00000, 17.58000);
CreateDynamicObject(8674, 2051.94897, -1863.24817, 16.85800,   0.00000, 0.00000, 0.00000);
CreateDynamicObject(8674, 2041.64185, -1863.23938, 16.85800,   0.00000, 0.00000, 0.00000);
CreateDynamicObject(8674, 2031.30676, -1863.24207, 16.85800,   0.00000, 0.00000, 0.00000);
CreateDynamicObject(8674, 2020.98633, -1863.26099, 16.85800,   0.00000, 0.00000, 0.00000);
CreateDynamicObject(8674, 2010.67041, -1863.26135, 16.85800,   0.00000, 0.00000, 0.00000);
CreateDynamicObject(8674, 2000.37988, -1863.25940, 16.85800,   0.00000, 0.00000, 0.00000);
CreateDynamicObject(16151, 2011.83398, -1881.24121, 12.87720,   0.00000, 0.00000, -135.24001);
CreateDynamicObject(338, 2005.54590, -1871.45984, 12.47970,   0.00000, 0.00000, 0.00000);
CreateDynamicObject(2964, 2006.52917, -1871.59729, 12.54700,   0.00000, 0.00000, 42.78000);
CreateDynamicObject(338, 2007.10022, -1871.63184, 13.38710,   0.00000, -90.00000, 38.16000);
CreateDynamicObject(338, 2006.61279, -1871.02161, 13.38710,   0.00000, -90.00000, 38.16000);
CreateDynamicObject(338, 2003.40710, -1874.49927, 13.19080,   -4.00000, 0.00000, 0.00000);
CreateDynamicObject(338, 2003.58679, -1874.68652, 13.19080,   -4.00000, 0.00000, 0.00000);
CreateDynamicObject(1704, 2015.97693, -1886.49377, 12.48410,   0.00000, 0.00000, 134.51990);
CreateDynamicObject(1704, 2016.75269, -1887.28955, 12.48410,   0.00000, 0.00000, 134.51990);
CreateDynamicObject(1704, 2017.55530, -1888.10486, 12.48410,   0.00000, 0.00000, 134.51990);
CreateDynamicObject(1704, 2018.34802, -1888.92834, 12.48410,   0.00000, 0.00000, 134.51990);
CreateDynamicObject(1594, 2015.48206, -1876.12720, 13.02830,   0.00000, 0.00000, 0.00000);
CreateDynamicObject(1594, 2017.87134, -1878.81714, 13.02830,   0.00000, 0.00000, 0.00000);
CreateDynamicObject(4597, 2043.66675, -1864.69897, 12.90100,   0.00000, 0.00000, 0.00000);
CreateDynamicObject(3515, 2026.08643, -1888.21216, 13.34360,   0.00000, 0.00000, 0.00000);
CreateDynamicObject(983, 2025.52844, -1885.27246, 13.22280,   0.00000, 0.00000, -84.72000);
CreateDynamicObject(983, 2023.16565, -1888.66113, 13.22280,   0.00000, 0.00000, 15.00000);
CreateDynamicObject(983, 2027.20081, -1891.74097, 13.22280,   0.00000, 0.00000, 90.11997);
CreateDynamicObject(983, 2029.68713, -1888.59424, 13.22280,   0.00000, 0.00000, 194.33984);
CreateDynamicObject(983, 2029.52881, -1888.02515, 13.22280,   0.00000, 0.00000, 194.33984);
CreateDynamicObject(1594, 2013.08423, -1873.91724, 13.02830,   0.00000, 0.00000, 0.00000);