	//.EXT PEAJES
	CreateDynamicObject(5837, 57.10400, -1532.26917, 5.62030,   0.00000, 0.00000, -98.22000);
	CreateDynamicObject(966, 56.23684, -1536.97754, 4.02870,   0.00000, 0.00000, 81.84000);
	CreateDynamicObject(966, 58.19640, -1527.54407, 4.02870,   0.00000, 0.00000, -99.96003);
	CreateDynamicObject(1491, 58.55530, -1532.21130, 4.21900,   0.00000, 0.00000, 81.72000);
	CreateDynamicObject(2185, 55.70914, -1534.76416, 4.28690,   0.00000, 0.00000, -12.12000);
	CreateDynamicObject(1806, 56.75018, -1533.84729, 4.28667,   0.00000, 0.00000, -193.98003);
	CreateDynamicObject(5837, -1751.46399, -712.29333, 29.85430,   0.00000, -11.00000, -59.00000);
	CreateDynamicObject(966, -1753.97205, -707.98395, 27.63610,   0.00000, 0.00000, 24.78000);
	CreateDynamicObject(970, -1759.63110, -713.74420, 28.79140,   0.00000, -7.00000, -63.00000);
	CreateDynamicObject(970, -1761.30701, -710.00446, 28.31140,   0.00000, -7.00000, -68.76001);
	CreateDynamicObject(966, -1753.97205, -707.98395, 27.63610,   0.00000, 0.00000, -153.65977);
	CreateDynamicObject(970, -1745.84070, -707.56427, 28.67140,   0.00000, -10.00000, -64.00000);
	CreateDynamicObject(970, -1747.62097, -703.91693, 27.93140,   0.00000, -10.00000, -64.00000);
	CreateDynamicObject(5837, 1632.73499, -1.74420, 37.33420,   0.00000, 0.00000, -154.79999);
	CreateDynamicObject(2185, -1750.61743, -715.30267, 28.99610,   -11.00000, 2.00000, 35.00000);
	CreateDynamicObject(1806, -1750.59094, -713.70374, 28.71050,   10.00000, 0.00000, -150.35974);
	CreateDynamicObject(966, 1637.38428, -0.01184, 35.64788,   0.00000, 0.00000, 201.84015);
	CreateDynamicObject(966, 1628.23584, -4.01865, 35.64788,   0.00000, 0.00000, 21.60018);
	CreateDynamicObject(1491, 1633.58374, -2.91510, 35.92590,   0.00000, 0.00000, 24.66000);
	CreateDynamicObject(2185, 1629.75830, -2.15693, 35.88140,   0.00000, 0.00000, -65.16000);
	CreateDynamicObject(1806, 1631.35632, -2.25561, 35.90107,   0.00000, 0.00000, 114.12002);
