	//.EXT RUSA
	CreateDynamicObject(9339, 1041.65100, -366.76959, 73.47140,   0.00000, 0.00000, -91.91998);
	CreateDynamicObject(3749, 1019.52570, -365.57584, 78.33280,   0.00000, 0.00000, -2.76000);
	CreateDynamicObject(9339, 1067.53992, -367.64236, 73.47140,   0.00000, 0.00000, -91.91998);
	CreateDynamicObject(9339, 1093.46021, -368.50320, 73.47140,   0.00000, 0.00000, -91.91998);
	CreateDynamicObject(9339, 1110.27844, -369.06119, 73.47140,   0.00000, 0.00000, -91.92000);
	CreateDynamicObject(9339, 1110.27832, -369.06119, 72.31140,   0.00000, 0.00000, -91.92000);
	CreateDynamicObject(9339, 1122.93384, -356.59357, 73.47140,   0.00000, 0.00000, -178.56006);
	CreateDynamicObject(9339, 1122.93384, -356.59360, 72.13140,   0.00000, 0.00000, -178.56010);
	CreateDynamicObject(9339, 1122.28040, -330.64951, 73.47140,   0.00000, 0.00000, -178.56006);
	CreateDynamicObject(9339, 1121.62537, -304.66180, 73.47140,   0.00000, 0.00000, -178.56006);
	CreateDynamicObject(9339, 1121.46606, -298.43469, 73.47140,   0.00000, 0.00000, -178.56006);
	CreateDynamicObject(9339, 1108.16516, -285.11121, 73.47140,   0.00000, 0.00000, -91.92000);
	CreateDynamicObject(9339, 1121.46606, -298.43469, 72.15140,   0.00000, 0.00000, -178.56010);
	CreateDynamicObject(9339, 1108.16516, -285.11121, 72.11140,   0.00000, 0.00000, -91.92000);
	CreateDynamicObject(9339, 1082.42615, -284.23068, 73.47140,   0.00000, 0.00000, -91.92000);
	CreateDynamicObject(9339, 1056.41040, -283.35580, 73.47140,   0.00000, 0.00000, -91.92000);
	CreateDynamicObject(9339, 1030.43408, -282.47174, 73.47140,   0.00000, 0.00000, -91.92000);
	CreateDynamicObject(9339, 1022.53571, -282.21552, 73.47140,   0.00000, 0.00000, -91.92000);
	CreateDynamicObject(9339, 1009.95355, -351.81570, 73.47140,   0.00000, 0.00000, -179.76001);
	CreateDynamicObject(9339, 1009.85565, -326.37631, 73.47140,   0.00000, 0.00000, -179.76001);
	CreateDynamicObject(9339, 1009.74738, -300.48798, 73.47140,   0.00000, 0.00000, -179.76001);
	CreateDynamicObject(9339, 1009.69751, -294.76620, 73.47140,   0.00000, 0.00000, -179.76001);
	CreateDynamicObject(8674, 1009.95782, -357.89731, 75.60120,   0.02000, 0.00000, -89.76000);
	CreateDynamicObject(8674, 1009.89423, -347.58655, 75.60120,   0.02000, 0.00000, -89.76000);
	CreateDynamicObject(8674, 1009.86340, -337.30280, 75.60120,   0.02000, 0.00000, -89.76000);
	CreateDynamicObject(8674, 1009.83038, -326.99170, 75.60120,   0.02000, 0.00000, -89.76000);
	CreateDynamicObject(8674, 1009.79852, -316.71069, 75.60120,   0.02000, 0.00000, -89.76000);
	CreateDynamicObject(8674, 1009.73547, -306.41772, 75.60120,   0.02000, 0.00000, -89.76000);
	CreateDynamicObject(8674, 1009.68658, -296.11655, 75.60120,   0.02000, 0.00000, -89.76000);
	CreateDynamicObject(8674, 1009.65863, -286.88483, 75.60120,   0.02000, 0.00000, -89.76000);
	CreateDynamicObject(8674, 1014.75824, -281.88046, 75.58120,   0.02000, 0.00000, -181.92010);
	CreateDynamicObject(8674, 1025.04614, -282.23770, 75.58120,   0.02000, 0.00000, -181.92010);
	CreateDynamicObject(8674, 1035.31104, -282.57693, 75.58120,   0.02000, 0.00000, -181.92010);
	CreateDynamicObject(8674, 1045.57373, -282.93646, 75.58120,   0.02000, 0.00000, -181.92010);
	CreateDynamicObject(8674, 1055.82825, -283.28101, 75.58120,   0.02000, 0.00000, -181.92010);
	CreateDynamicObject(8674, 1066.12708, -283.62418, 75.58120,   0.02000, 0.00000, -181.92010);
	CreateDynamicObject(8674, 1076.42139, -283.98224, 75.58120,   0.02000, 0.00000, -181.92010);
	CreateDynamicObject(8674, 1086.70056, -284.32449, 75.58120,   0.02000, 0.00000, -181.92010);
	CreateDynamicObject(8674, 1096.99182, -284.67032, 75.58120,   0.02000, 0.00000, -181.92010);
	CreateDynamicObject(8674, 1107.28906, -285.01532, 75.58120,   0.02000, 0.00000, -181.92010);
	CreateDynamicObject(8674, 1116.04370, -285.31870, 75.58120,   0.02000, 0.00000, -181.92010);
	CreateDynamicObject(8674, 1121.33337, -290.61029, 75.58120,   0.02000, 0.00000, -88.56000);
	CreateDynamicObject(8674, 1121.59729, -300.90161, 75.58120,   0.02000, 0.00000, -88.56000);
	CreateDynamicObject(8674, 1121.86340, -311.20859, 75.58120,   0.02000, 0.00000, -88.56000);
	CreateDynamicObject(8674, 1122.11670, -321.49539, 75.58120,   0.02000, 0.00000, -88.56000);
	CreateDynamicObject(8674, 1122.38037, -331.77982, 75.58120,   0.02000, 0.00000, -88.56000);
	CreateDynamicObject(8674, 1122.62634, -342.06366, 75.58120,   0.02000, 0.00000, -88.56000);
	CreateDynamicObject(8674, 1122.88013, -352.33203, 75.58120,   0.02000, 0.00000, -88.56000);
	CreateDynamicObject(8674, 1123.12256, -362.62704, 75.58120,   0.02000, 0.00000, -88.56000);
	CreateDynamicObject(8674, 1123.15112, -364.40689, 75.58120,   0.02000, 0.00000, -88.56000);
	CreateDynamicObject(8674, 1118.16492, -369.35077, 75.60120,   0.02000, 0.00000, -181.92010);
	CreateDynamicObject(8674, 1107.86218, -368.99277, 75.60120,   0.02000, 0.00000, -181.92010);
	CreateDynamicObject(8674, 1097.58459, -368.63297, 75.60120,   0.02000, 0.00000, -181.92010);
	CreateDynamicObject(8674, 1087.28503, -368.28552, 75.60120,   0.02000, 0.00000, -181.92010);
	CreateDynamicObject(8674, 1077.00574, -367.93918, 75.60120,   0.02000, 0.00000, -181.92010);
	CreateDynamicObject(8674, 1066.72693, -367.59311, 75.60120,   0.02000, 0.00000, -181.92010);
	CreateDynamicObject(8674, 1056.43152, -367.24969, 75.60120,   0.02000, 0.00000, -181.92010);
	CreateDynamicObject(8674, 1046.14465, -366.89474, 75.60120,   0.02000, 0.00000, -181.92010);
	CreateDynamicObject(8674, 1035.84192, -366.54538, 75.60120,   0.02000, 0.00000, -181.92010);
	CreateDynamicObject(8674, 1033.97229, -366.49368, 75.60120,   0.02000, 0.00000, -181.92010);
	CreateDynamicObject(3603, 1101.10754, -310.39401, 78.71690,   0.00000, 0.00000, 90.17994);
	CreateDynamicObject(3934, 1068.82251, -352.46921, 72.98270,   0.00000, 0.00000, -91.74000);
	CreateDynamicObject(3934, 1045.68250, -352.46921, 72.98270,   0.00000, 0.00000, -91.74000);
	CreateDynamicObject(13206, 1116.35779, -341.24011, 73.05980,   0.00000, 0.00000, 89.94000);
	CreateDynamicObject(13206, 1116.35779, -360.80011, 73.05980,   0.00000, 0.00000, 89.94000);
	CreateDynamicObject(8674, 1033.97229, -366.49371, 78.36120,   0.02000, 0.00000, -181.92010);
	CreateDynamicObject(8674, 1035.84192, -366.54541, 78.36120,   0.02000, 0.00000, -181.92010);
	CreateDynamicObject(8674, 1046.14465, -366.89471, 78.36120,   0.02000, 0.00000, -181.92010);
	CreateDynamicObject(8674, 1056.43152, -367.24969, 78.36120,   0.02000, 0.00000, -181.92010);
	CreateDynamicObject(8674, 1066.72693, -367.59311, 78.36120,   0.02000, 0.00000, -181.92010);
	CreateDynamicObject(8674, 1077.00574, -367.93921, 78.36120,   0.02000, 0.00000, -181.92010);
	CreateDynamicObject(8674, 1087.28503, -368.28549, 78.36120,   0.02000, 0.00000, -181.92010);
	CreateDynamicObject(8674, 1097.58459, -368.63300, 78.36120,   0.02000, 0.00000, -181.92010);
	CreateDynamicObject(8674, 1107.86218, -368.99280, 78.36120,   0.02000, 0.00000, -181.92010);
	CreateDynamicObject(8674, 1118.16492, -369.35080, 78.36120,   0.02000, 0.00000, -181.92010);
	CreateDynamicObject(8674, 1123.15112, -364.40689, 78.36120,   0.02000, 0.00000, -88.56000);
	CreateDynamicObject(8674, 1123.12256, -362.62701, 78.36120,   0.02000, 0.00000, -88.56000);
	CreateDynamicObject(8674, 1122.88013, -352.33200, 78.36120,   0.02000, 0.00000, -88.56000);
	CreateDynamicObject(8674, 1122.62634, -342.06369, 78.36120,   0.02000, 0.00000, -88.56000);
	CreateDynamicObject(8674, 1122.38037, -331.77979, 78.36120,   0.02000, 0.00000, -88.56000);
	CreateDynamicObject(8674, 1122.11670, -321.49539, 78.36120,   0.02000, 0.00000, -88.56000);
	CreateDynamicObject(8674, 1121.86340, -311.20859, 78.36120,   0.02000, 0.00000, -88.56000);
	CreateDynamicObject(8674, 1121.59729, -300.90161, 78.36120,   0.02000, 0.00000, -88.56000);
	CreateDynamicObject(8674, 1121.33337, -290.61029, 78.36120,   0.02000, 0.00000, -88.56000);
	CreateDynamicObject(8674, 1116.04370, -285.31870, 78.36120,   0.02000, 0.00000, -181.92010);
	CreateDynamicObject(8674, 1107.28906, -285.01529, 78.36120,   0.02000, 0.00000, -181.92010);
	CreateDynamicObject(8674, 1096.99182, -284.67029, 78.36120,   0.02000, 0.00000, -181.92010);
	CreateDynamicObject(8674, 1086.70056, -284.32449, 78.36120,   0.02000, 0.00000, -181.92010);
	CreateDynamicObject(8674, 1076.42139, -283.98221, 78.36120,   0.02000, 0.00000, -181.92010);
	CreateDynamicObject(8674, 1066.12708, -283.62421, 78.36120,   0.02000, 0.00000, -181.92010);
	CreateDynamicObject(8674, 1055.82825, -283.28101, 78.36120,   0.02000, 0.00000, -181.92010);
	CreateDynamicObject(8674, 1045.57446, -282.91650, 78.36120,   0.02000, 0.00000, -181.92010);
	CreateDynamicObject(8674, 1035.31104, -282.57690, 78.36120,   0.02000, 0.00000, -181.92010);
	CreateDynamicObject(8674, 1025.04614, -282.23770, 78.36120,   0.02000, 0.00000, -181.92010);
	CreateDynamicObject(8674, 1014.75818, -281.88049, 78.36120,   0.02000, 0.00000, -181.92010);
	CreateDynamicObject(8674, 1009.95782, -357.89731, 78.36120,   0.02000, 0.00000, -89.76000);
	CreateDynamicObject(8674, 1009.89423, -347.58649, 78.36120,   0.02000, 0.00000, -89.76000);
	CreateDynamicObject(8674, 1009.86340, -337.30280, 78.36120,   0.02000, 0.00000, -89.76000);
	CreateDynamicObject(8674, 1009.83038, -326.99170, 78.36120,   0.02000, 0.00000, -89.76000);
	CreateDynamicObject(8674, 1009.79852, -316.71069, 78.36120,   0.02000, 0.00000, -89.76000);
	CreateDynamicObject(8674, 1009.73547, -306.41769, 78.36120,   0.02000, 0.00000, -89.76000);
	CreateDynamicObject(8674, 1009.68658, -296.11649, 78.36120,   0.02000, 0.00000, -89.76000);
	CreateDynamicObject(8674, 1009.65863, -286.88480, 78.36120,   0.02000, 0.00000, -89.76000);
