18636 0 0 90
18638 0 90 90
18639 0 0 180
18640 90 90 90 0.8
18975 180 90 90 0.8
19136 0 270 0
19274 0 270 0
19516
19517
19518
19519
19520
19521
18641 0 30 0 
18645
18891 0 0 90
18892 0 0 90
18893 0 0 90
18894 0 0 90
18895 0 0 90
18896 0 0 90
18897 0 0 90
18898 0 0 90
18899 0 0 90
18900 0 0 90
18901 0 0 90
18902 0 0 90
18903 0 0 90
18904 0 0 90
18905 0 0 90
18906 0 0 90
18907 0 0 90
18908 0 0 90
18909 0 0 90
18910 0 0 90
18911 0 0 90
18912 0 0 90
18913 0 0 90
18914 0 0 90
18915 0 0 90
18916 0 0 90
18917 0 0 90
18918 0 0 90
18919 0 0 90
18920 0 0 90
18921
18922
18923
18924
18925
18926
18927
18928
18929
18930
18931
18932
18933
18934
18935
18936
18937
18938
18939
18940
18941
18942
18943
18944
18945
18946
18947
18948
18949
18950
18951
18952
18953
18954
18955
18956
18957
18958
18959
18960
18961
18962
18964
18965
18966
18967
18968
18969
18970
18971
18972
18973
18974
18976
18977
18978
18979
19006 0.0 0.0 90.0 0.8
19007 0.0 0.0 90.0 0.8
19008 0.0 0.0 90.0 0.8
19009 0.0 0.0 90.0 0.8
19010 0.0 0.0 90.0 0.8
19011 0.0 0.0 90.0 0.8
19012 0.0 0.0 90.0 0.8
19013 0.0 0.0 90.0 0.8
19014 0.0 0.0 90.0 0.8
19015 0.0 0.0 90.0 0.8
19016 0.0 0.0 90.0 0.8
19017 0.0 0.0 90.0 0.8
19018 0.0 0.0 90.0 0.8
19019 0.0 0.0 90.0 0.8
19020 0.0 0.0 90.0 0.8
19021 0.0 0.0 90.0 0.8
19022 0.0 0.0 90.0 0.8
19023 0.0 0.0 90.0 0.8
19024 0.0 0.0 90.0 0.8
19025 0.0 0.0 90.0 0.8
19026 0.0 0.0 90.0 0.8
19027 0.0 0.0 90.0 0.8
19028 0.0 0.0 90.0 0.8
19029 0.0 0.0 90.0 0.8
19030 0.0 0.0 90.0 0.8
19031 0.0 0.0 90.0 0.8
19032 0.0 0.0 90.0 0.8
19033 0.0 0.0 90.0 0.8
19034 0.0 0.0 90.0 0.8
19035 0.0 0.0 90.0 0.8
19039
19040
19041
19042
19043
19044
19045
19046
19047
19048
19049
19050
19051
19052
19053
19093
19095
19096
19097
19098
19099
19100
19101
19102
19103
19104
19105
19106
19107
19108
19109
19110
19111
19112
19113
19114
19115
19116
19117
19118
19119
19120
19137
19138 0.0 0.0 90.0 0.8
19139 0.0 0.0 90.0 0.8
19140 0.0 0.0 90.0 0.8
19141
19160
19161
19162
19352
19487
19488
19421 0 0 0 0.5
19422 0 0 0 0.5
19423 0 0 0 0.5
19424 0 0 0 0.5
2706