2165
2356
2028 90 20 20
2779 -30 0 90
2030
2086
2112
2115
2079
2120
2121 -20 0 180
2096 -20 0 90
2069
2103 0 0 180
2132 0 0 180
2141 0 0 167
2149 0 0 165
2161 0 0 165 1.2
2167 0 0 -20
2202 
2313 180 0 20
2312 180 180 20
2316 180 180 20
2322 180 180 20
2298 -20 0 0
2299 -20 0 0
2300 180 0 0 0.7
2301 180 0 0 0.7
2526
2527
2524
2525
1208
1762 0 0 90 1.3
1765 0 0 90 1.3
1761 0 0 90 1
1764 0 0 90 1
1409
2627 0 0 90 0.8
2630 0 0 90 0.8
2964 -20 0 0
1502 0 0 20
19317 0 0 200
2134 0 0 200
2133 0 0 200
2131 0 0 200
2130 0 0 200 1.3
2128 0 0 200 1.3
2127 0 0 200 1.3
2129 0 0 200 1.3
2294 0 0 200 1.3
19166 90 0 180
19172 0 0 200
19173 0 0 200
1840 -20 0 -60
1839 -20 0 -60
1828 90 0 0
1817 -20 0 -20
1808 0 0 190
1803 -10 0 -12
1755 -10 0 -150
1760 -10 0 -150
1753 -10 0 -150
1744 -20 0 0
1742 0 0 -180
1738 0 0 -180
1735 20 0 -180
1726 -10 0 -150
1727 -10 0 -150
1724 -20 0 100
1723 -20 0 100
1717 0 0 180
1705  -20 0 100
1702  -20 0 100
16779 90 0 0
1649 180 0 0
2135 0 0 200 1.3
2136 0 0 200 1.3
2137 0 0 200 1.3
2139 0 0 200 1.3
2140 0 0 200 1.3
2160 0 0 200 1.3
2159 0 0 200 1.3
2158 0 0 200 1.3
2157 0 0 200 1.3
19354 0 0 100.0
19355 0 0 100.0
19356 0 0 100.0
19357 0 0 100.0
19384 0 0 100.0
19385 0 0 100.0
19386 0 0 100.0
19387 0 0 100.0
19400 0 0 100.0
19401 0 0 100.0
19402 0 0 100.0
19403 0 0 100.0
19427 0 0 100.0
19428 0 0 100.0
19429 0 0 100.0
19430 0 0 100.0
19446 0 0 100.0
19447 0 0 100.0
19448 0 0 100.0
19449 0 0 100.0