2165
2356
2028 90 20 20
2779 -30 0 90
2030
2086
2112
2115
2079
2120
2121 -20 0 180
2096 -20 0 90
2069
2103 0 0 180
2132 0 0 180
2141 0 0 167
2149 0 0 165
2161 0 0 165 1.2
2167 0 0 -20
2202 
2313 180 0 20
2312 180 180 20
2316 180 180 20
2322 180 180 20
2298 -20 0 0
2299 -20 0 0
2300 180 0 0 0.7
2301 180 0 0 0.7
2526
2527
2524
2525
1208
1762 0 0 90 1.3
1765 0 0 90 1.3
1761 0 0 90 1
1764 0 0 90 1
1409
2627 0 0 90 0.8
2630 0 0 90 0.8
2964 -20 0 0
1502 0 0 20
19317 0 0 200
2134 0 0 200
2133 0 0 200
2131 0 0 200
2130 0 0 200 1.3
2128 0 0 200 1.3
2127 0 0 200 1.3
2129 0 0 200 1.3
2294 0 0 200 1.3
19166 90 0 180
19172 0 0 200
19173 0 0 200
1840 -20 0 -60
1839 -20 0 -60
1828 90 0 0
1817 -20 0 -20
1808 0 0 190
1803 -10 0 -12
1755 -10 0 -150
1760 -10 0 -150
1753 -10 0 -150
1744 -20 0 0
1742 0 0 -180
1738 0 0 -180
1735 20 0 -180
1726 -10 0 -150
1727 -10 0 -150
1724 -20 0 100
1723 -20 0 100
1717 0 0 180
1705  -20 0 100
1702  -20 0 100
16779 90 0 0
1649 180 0 0
2135 0 0 200 1.3
2136 0 0 200 1.3
2137 0 0 200 1.3
2139 0 0 200 1.3
2140 0 0 200 1.3
2160 0 0 200 1.3
2159 0 0 200 1.3
2158 0 0 200 1.3
2157 0 0 200 1.3
19354 0 0 100.0
19355 0 0 100.0
19356 0 0 100.0
19357 0 0 100.0
19384 0 0 100.0
19385 0 0 100.0
19386 0 0 100.0
19387 0 0 100.0
19400 0 0 100.0
19401 0 0 100.0
19402 0 0 100.0
19403 0 0 100.0
19427 0 0 100.0
19428 0 0 100.0
19429 0 0 100.0
19430 0 0 100.0
19446 0 0 100.0
19447 0 0 100.0
19448 0 0 100.0
19449 0 0 100.0
1737
1757
1756
1755
1761
1762
1768
1769
1778
1786
1799
1801
1805
1806
1808
1809
1811
1813
1814
1815
1817
1820
1822
1823
1826
1828
1840
1846
1946
1962
1961
1960
1963
1998
1999
2000
2001
2002
2008
2010
2013
2014
2015
2016
2017
2018
2023
2025
2026
2028
2029
2030
2031
2047
2048
2066
2065
2069
2070
2074
2075
2078
2079
2087
2089
2090
2091
2093
2094
2096
2099
2101
2102
2103
2104
2105
2106
2108
2109
2110
2111
2116
2115
2118
2119
2120
2121
2123
2124
2127
2128
2129
2130
2131
2132
2133
2134
2135
2136
2137
2138
2139
2140
2141
2142
2143
2144
2145
2149
2156
2157
2158
2159
2160
2161
2162
2163
2164
2165
2166
2167
2169
2172
2176
2184
2186
2190
2194
2195
2196
2197
2199
2200
2204
2205
2206
2207
2208
2224
2225
2226
2229
2231
2232
2233
2240
2241
2244
2245
2247
2251
2255
2254
2256
2257
2258
2259
2260
2261
2262
2263
2264
2265
2266
2267
2268
2269
2270
2271
2272
2273
2274
2275
2276
2297
2299
2300
2301
2302
2317
2318
2320
2322
2334
2335
2336
2337
2346
2356
2514
2515
2516
2517
2518
2521
2523
2524
2525
2526
2527
2528
2560
2561
2558
2559
2566
2573
2574
2576
2595
2596
2614
2627
2628
2629
2630
1491
1492
1494
19353
19354
19355
19356
19357
19358
19359
19360
19361
19362
19363
19365
19366
19367
19369
19370
19383
19384
19385
19386
19387
19388
19389
19390
19391
19392
19397
19399
19400
19401
19402
19403
19404
19405
19406
19407
19408
19409
19415
19416
19445
19446
19447
19448
19449
19450
19451
19452
19453
19454
19455
19458
19461
19462