0
1
2
3
4
5
6
7
14
15
17
18
19
20
21
22
23
24
25
26
27
28
29
30
32
33
34
35
36
37
43
44
45
46
47
48
51
52
57
58
59
60
61
62
66
67
68
72
73
78
79
80
81
82
83
84
86
95
96
97
98
99
100
101
102
103
104
105
106
107
108
109
110
111
112
113
114
115
116
117
118
119
120
121
122
123
124
125
126
127
128
132
133
134
135
136
137
142
143
144
146
147
149
156
158
159
160
161
162
167
168
170
171
173
172
173
174
176
177
178
179
180
181
182
183
184
185
186
187
188
189
202
203
204
206
208
209
210
212
213
220
221
222
223
227
228
229
230
234
235
236
239
240
241
242
247
248
249
250
252
254
255
258
259
260
261
262
264
269
270
271
272
273
289
290
291
292
293
294
296
297
299
303
304
305
